********************RESULTS********************
Length of the link: d = 14.57 km
Point of maximum elevation (393.71 m): [50.03870242054795,14.255011382191782]
Diameter of the first Fresnel zone: F1 = 7.31 m
Maximum error caused by the Earth's surface: x = 3.38 m
Average terrain height: h_avg = 356.28 m
Height of the Rudna antenna required for LoS: Rxh = 16.03 m
Clear-air fading effects: Ad = 0 dB, FSL = 140.82 dB, Aa = 0.87 dB
Power budget: Pt = 17 dBm, A = 23.31 dB, pw = 0.0005815918681206789 %
Rain attenuation: d_eff = 9.24 m, A_001 = 21.66 dB, p_rain = 0.00045104580406060365 %

********************DATA********************
0,50.0797222,14.3758333,356.4312438964844
1,50.07930363082192,14.37460042328767,354.62066650390625
2,50.07888506164384,14.373367546575343,348.59130859375
3,50.07846649246575,14.372134669863014,343.2480773925781
4,50.07804792328767,14.370901793150685,336.0152893066406
5,50.07762935410959,14.369668916438357,327.03729248046875
6,50.07721078493151,14.368436039726028,321.1783142089844
7,50.07679221575342,14.367203163013698,313.1994934082031
8,50.07637364657534,14.36597028630137,306.95465087890625
9,50.07595507739726,14.364737409589042,301.9745178222656
10,50.07553650821918,14.363504532876712,295.7030944824219
11,50.07511793904109,14.362271656164383,289.40966796875
12,50.07469936986301,14.361038779452056,283.4534606933594
13,50.07428080068493,14.359805902739726,281.564697265625
14,50.07386223150685,14.358573026027397,280.4605407714844
15,50.07344366232876,14.35734014931507,281.6452331542969
16,50.07302509315068,14.35610727260274,286.28851318359375
17,50.0726065239726,14.35487439589041,293.3846130371094
18,50.07218795479452,14.353641519178082,297.3804931640625
19,50.071769385616435,14.352408642465754,295.73175048828125
20,50.071350816438354,14.351175765753425,290.3154602050781
21,50.070932247260274,14.349942889041095,283.1097412109375
22,50.07051367808219,14.348710012328768,275.8515319824219
23,50.070095108904106,14.347477135616439,270.5031433105469
24,50.069676539726025,14.34624425890411,269.34136962890625
25,50.069257970547945,14.345011382191782,269.9334411621094
26,50.068839401369864,14.343778505479452,269.75103759765625
27,50.068420832191784,14.342545628767123,271.184814453125
28,50.068002263013696,14.341312752054794,272.78350830078125
29,50.067583693835616,14.340079875342466,275.6107177734375
30,50.067165124657535,14.338846998630137,281.240478515625
31,50.066746555479455,14.337614121917808,288.0514831542969
32,50.06632798630137,14.33638124520548,293.81475830078125
33,50.06590941712329,14.33514836849315,296.5020751953125
34,50.065490847945206,14.333915491780822,304.5220031738281
35,50.065072278767126,14.332682615068494,314.9363098144531
36,50.06465370958904,14.331449738356165,327.86541748046875
37,50.06423514041096,14.330216861643835,339.70477294921875
38,50.06381657123288,14.328983984931506,342.0731506347656
39,50.0633980020548,14.327751108219179,338.1580505371094
40,50.06297943287671,14.32651823150685,333.03875732421875
41,50.06256086369863,14.32528535479452,333.7662658691406
42,50.06214229452055,14.324052478082193,335.9846496582031
43,50.06172372534247,14.322819601369863,338.0147399902344
44,50.06130515616438,14.321586724657534,347.865234375
45,50.0608865869863,14.320353847945206,352.77935791015625
46,50.06046801780822,14.319120971232877,358.923095703125
47,50.06004944863014,14.317888094520548,360.61944580078125
48,50.05963087945205,14.316655217808218,359.4122619628906
49,50.05921231027397,14.315422341095891,358.85321044921875
50,50.05879374109589,14.314189464383562,357.46783447265625
51,50.05837517191781,14.312956587671232,354.6732482910156
52,50.05795660273973,14.311723710958905,353.32464599609375
53,50.05753803356164,14.310490834246576,348.1178894042969
54,50.05711946438356,14.309257957534246,349.4790954589844
55,50.05670089520548,14.308025080821919,350.55487060546875
56,50.0562823260274,14.30679220410959,350.8183898925781
57,50.05586375684931,14.30555932739726,352.5543518066406
58,50.05544518767123,14.30432645068493,356.6473388671875
59,50.05502661849315,14.303093573972603,359.59307861328125
60,50.05460804931507,14.301860697260274,363.91424560546875
61,50.05418948013698,14.300627820547945,372.4667053222656
62,50.0537709109589,14.299394943835617,378.5035400390625
63,50.05335234178082,14.298162067123288,381.1256408691406
64,50.05293377260274,14.296929190410959,384.699951171875
65,50.052515203424655,14.295696313698631,386.0374755859375
66,50.052096634246574,14.294463436986302,387.784423828125
67,50.051678065068494,14.293230560273972,389.1771545410156
68,50.05125949589041,14.291997683561643,389.5461120605469
69,50.050840926712326,14.290764806849316,387.7854309082031
70,50.050422357534245,14.289531930136986,387.366455078125
71,50.050003788356165,14.288299053424657,388.7247619628906
72,50.049585219178084,14.28706617671233,390.4866027832031
73,50.049166650000004,14.2858333,390.6524353027344
74,50.048748080821916,14.28460042328767,390.4795227050781
75,50.048329511643836,14.283367546575343,389.02020263671875
76,50.047910942465755,14.282134669863014,387.6112365722656
77,50.047492373287675,14.280901793150685,386.65643310546875
78,50.04707380410959,14.279668916438357,384.8749084472656
79,50.04665523493151,14.278436039726028,381.6219787597656
80,50.046236665753426,14.277203163013699,377.2684631347656
81,50.045818096575346,14.27597028630137,373.6617431640625
82,50.04539952739726,14.274737409589042,373.6029052734375
83,50.04498095821918,14.273504532876713,375.5351867675781
84,50.0445623890411,14.272271656164383,376.8132629394531
85,50.04414381986302,14.271038779452056,376.3743896484375
86,50.04372525068493,14.269805902739726,380.78570556640625
87,50.04330668150685,14.268573026027397,383.8211364746094
88,50.04288811232877,14.26734014931507,381.1720275878906
89,50.04246954315069,14.26610727260274,380.2861328125
90,50.0420509739726,14.264874395890411,381.891357421875
91,50.04163240479452,14.263641519178082,386.04241943359375
92,50.04121383561644,14.262408642465754,385.93096923828125
93,50.04079526643836,14.261175765753425,387.83758544921875
94,50.04037669726027,14.259942889041096,388.6119689941406
95,50.03995812808219,14.258710012328768,390.3206787109375
96,50.03953955890411,14.257477135616439,390.9009704589844
97,50.03912098972603,14.25624425890411,392.0419006347656
98,50.03870242054795,14.255011382191782,393.70526123046875
99,50.03828385136986,14.253778505479453,393.1459045410156
100,50.03786528219178,14.252545628767123,392.7801818847656
101,50.0374467130137,14.251312752054794,392.3074035644531
102,50.03702814383562,14.250079875342466,391.5243225097656
103,50.03660957465753,14.248846998630137,392.0793151855469
104,50.03619100547945,14.247614121917808,392.2574462890625
105,50.03577243630137,14.24638124520548,392.7496032714844
106,50.03535386712329,14.245148368493151,392.427490234375
107,50.034935297945204,14.243915491780822,392.69573974609375
108,50.03451672876712,14.242682615068494,392.1449890136719
109,50.03409815958904,14.241449738356165,391.492431640625
110,50.03367959041096,14.240216861643836,390.9573974609375
111,50.033261021232875,14.238983984931506,390.6419677734375
112,50.032842452054794,14.237751108219179,388.81768798828125
113,50.032423882876714,14.23651823150685,387.55340576171875
114,50.03200531369863,14.23528535479452,385.7341003417969
115,50.031586744520546,14.234052478082193,384.7850036621094
116,50.031168175342465,14.232819601369863,384.0339660644531
117,50.030749606164385,14.231586724657534,383.0225830078125
118,50.030331036986304,14.230353847945207,380.71881103515625
119,50.02991246780822,14.229120971232877,380.7615966796875
120,50.029493898630136,14.227888094520548,380.23638916015625
121,50.029075329452056,14.226655217808219,380.6458740234375
122,50.028656760273975,14.225422341095891,379.596435546875
123,50.028238191095895,14.224189464383562,378.50921630859375
124,50.02781962191781,14.222956587671232,376.4150085449219
125,50.02740105273973,14.221723710958905,375.2694396972656
126,50.026982483561646,14.220490834246576,375.12646484375
127,50.026563914383566,14.219257957534246,374.80596923828125
128,50.02614534520548,14.218025080821919,373.7268371582031
129,50.0257267760274,14.21679220410959,372.32659912109375
130,50.02530820684932,14.21555932739726,370.9036865234375
131,50.02488963767124,14.214326450684931,367.30963134765625
132,50.02447106849315,14.213093573972603,365.5624084472656
133,50.02405249931507,14.211860697260274,363.6737976074219
134,50.02363393013699,14.210627820547945,365.17816162109375
135,50.02321536095891,14.209394943835617,367.1565246582031
136,50.02279679178082,14.208162067123288,368.4339294433594
137,50.02237822260274,14.206929190410959,373.1581726074219
138,50.02195965342466,14.205696313698631,377.5883483886719
139,50.02154108424658,14.204463436986302,380.44464111328125
140,50.02112251506849,14.203230560273973,381.7967834472656
141,50.02070394589041,14.201997683561643,380.1832275390625
142,50.02028537671233,14.200764806849316,379.48846435546875
143,50.01986680753425,14.199531930136986,381.3411865234375
144,50.01944823835616,14.198299053424657,383.2178955078125
145,50.01902966917808,14.19706617671233,384.3798522949219
146,50.0186111,14.1958333,386.4464111328125
