#Parameters = {AirCoaxRadius=1.5; FeedXoffset=28; FeedYoffset=6.35; PatchWidth=34; ShortingPinXoffset=5.2; ShortingPinYoffset=6.35; Slot1Length=24.4; Slot1Width=1; Slot1Xoffset=42; Slot2Length=14.6; Slot2Width=3; f1=0.9075; f2=1.795}
farfield (f=0.9)
Theta [deg.]  Phi   [deg.]  Abs(Dir.)[dBi   ]   Abs(Theta)[dBi   ]  Phase(Theta)[deg.]  Abs(Phi  )[dBi   ]  Phase(Phi  )[deg.]  Ax.Ratio[dB    ]    
------------------------------------------------------------------------------------------------------------------------------------------------------
   0.000          90.000            2.454e+00           2.406e+00              40.817          -1.710e+01             354.046           2.230e+01     
   1.000          90.000            2.472e+00           2.424e+00              40.937          -1.708e+01             353.167           2.216e+01     
   2.000          90.000            2.488e+00           2.440e+00              41.054          -1.707e+01             352.269           2.202e+01     
   3.000          90.000            2.502e+00           2.453e+00              41.168          -1.706e+01             351.355           2.189e+01     
   4.000          90.000            2.513e+00           2.464e+00              41.278          -1.704e+01             350.425           2.176e+01     
   5.000          90.000            2.521e+00           2.473e+00              41.386          -1.703e+01             349.478           2.163e+01     
   6.000          90.000            2.527e+00           2.479e+00              41.490          -1.703e+01             348.516           2.150e+01     
   7.000          90.000            2.530e+00           2.482e+00              41.591          -1.702e+01             347.538           2.137e+01     
   8.000          90.000            2.531e+00           2.483e+00              41.690          -1.702e+01             346.546           2.125e+01     
   9.000          90.000            2.530e+00           2.481e+00              41.784          -1.701e+01             345.538           2.113e+01     
  10.000          90.000            2.526e+00           2.477e+00              41.876          -1.701e+01             344.517           2.101e+01     
  11.000          90.000            2.519e+00           2.471e+00              41.965          -1.701e+01             343.481           2.089e+01     
  12.000          90.000            2.510e+00           2.461e+00              42.051          -1.701e+01             342.431           2.078e+01     
  13.000          90.000            2.499e+00           2.450e+00              42.133          -1.701e+01             341.368           2.067e+01     
  14.000          90.000            2.485e+00           2.435e+00              42.212          -1.701e+01             340.292           2.056e+01     
  15.000          90.000            2.468e+00           2.419e+00              42.289          -1.702e+01             339.202           2.045e+01     
  16.000          90.000            2.449e+00           2.399e+00              42.362          -1.702e+01             338.100           2.035e+01     
  17.000          90.000            2.427e+00           2.377e+00              42.432          -1.703e+01             336.986           2.025e+01     
  18.000          90.000            2.402e+00           2.353e+00              42.499          -1.704e+01             335.859           2.015e+01     
  19.000          90.000            2.375e+00           2.325e+00              42.562          -1.705e+01             334.721           2.005e+01     
  20.000          90.000            2.346e+00           2.295e+00              42.623          -1.706e+01             333.571           1.996e+01     
  21.000          90.000            2.313e+00           2.263e+00              42.681          -1.707e+01             332.409           1.987e+01     
  22.000          90.000            2.278e+00           2.228e+00              42.735          -1.708e+01             331.237           1.978e+01     
  23.000          90.000            2.241e+00           2.190e+00              42.787          -1.710e+01             330.053           1.970e+01     
  24.000          90.000            2.201e+00           2.149e+00              42.835          -1.711e+01             328.859           1.961e+01     
  25.000          90.000            2.158e+00           2.106e+00              42.881          -1.713e+01             327.654           1.953e+01     
  26.000          90.000            2.112e+00           2.060e+00              42.923          -1.714e+01             326.439           1.945e+01     
  27.000          90.000            2.064e+00           2.012e+00              42.962          -1.716e+01             325.214           1.938e+01     
  28.000          90.000            2.013e+00           1.960e+00              42.998          -1.718e+01             323.979           1.930e+01     
  29.000          90.000            1.959e+00           1.906e+00              43.032          -1.720e+01             322.734           1.923e+01     
  30.000          90.000            1.903e+00           1.849e+00              43.062          -1.722e+01             321.480           1.916e+01     
  31.000          90.000            1.844e+00           1.790e+00              43.089          -1.724e+01             320.216           1.909e+01     
  32.000          90.000            1.782e+00           1.727e+00              43.113          -1.726e+01             318.943           1.903e+01     
  33.000          90.000            1.717e+00           1.662e+00              43.135          -1.728e+01             317.661           1.897e+01     
  34.000          90.000            1.649e+00           1.594e+00              43.153          -1.730e+01             316.370           1.891e+01     
  35.000          90.000            1.579e+00           1.523e+00              43.168          -1.732e+01             315.071           1.885e+01     
  36.000          90.000            1.505e+00           1.448e+00              43.181          -1.735e+01             313.763           1.879e+01     
  37.000          90.000            1.429e+00           1.371e+00              43.191          -1.737e+01             312.447           1.874e+01     
  38.000          90.000            1.350e+00           1.291e+00              43.197          -1.739e+01             311.122           1.869e+01     
  39.000          90.000            1.268e+00           1.208e+00              43.201          -1.742e+01             309.789           1.864e+01     
  40.000          90.000            1.182e+00           1.122e+00              43.202          -1.744e+01             308.448           1.859e+01     
  41.000          90.000            1.094e+00           1.033e+00              43.201          -1.747e+01             307.100           1.855e+01     
  42.000          90.000            1.003e+00           9.409e-01              43.196          -1.749e+01             305.744           1.851e+01     
  43.000          90.000            9.083e-01           8.455e-01              43.189          -1.752e+01             304.380           1.847e+01     
  44.000          90.000            8.107e-01           7.468e-01              43.179          -1.754e+01             303.009           1.843e+01     
  45.000          90.000            7.099e-01           6.448e-01              43.166          -1.757e+01             301.630           1.839e+01     
  46.000          90.000            6.057e-01           5.395e-01              43.151          -1.759e+01             300.245           1.836e+01     
  47.000          90.000            4.983e-01           4.308e-01              43.133          -1.762e+01             298.852           1.833e+01     
  48.000          90.000            3.875e-01           3.186e-01              43.113          -1.764e+01             297.453           1.830e+01     
  49.000          90.000            2.733e-01           2.029e-01              43.090          -1.766e+01             296.048           1.827e+01     
  50.000          90.000            1.556e-01           8.362e-02              43.064          -1.769e+01             294.636           1.824e+01     
  51.000          90.000            3.427e-02          -3.933e-02              43.036          -1.771e+01             293.217           1.822e+01     
  52.000          90.000           -9.066e-02          -1.660e-01              43.006          -1.773e+01             291.793           1.820e+01     
  53.000          90.000           -2.193e-01          -2.966e-01              42.973          -1.776e+01             290.364           1.818e+01     
  54.000          90.000           -3.518e-01          -4.310e-01              42.938          -1.778e+01             288.929           1.816e+01     
  55.000          90.000           -4.881e-01          -5.696e-01              42.900          -1.780e+01             287.489           1.814e+01     
  56.000          90.000           -6.285e-01          -7.122e-01              42.861          -1.782e+01             286.044           1.813e+01     
  57.000          90.000           -7.729e-01          -8.592e-01              42.819          -1.784e+01             284.594           1.812e+01     
  58.000          90.000           -9.216e-01          -1.010e+00              42.774          -1.785e+01             283.141           1.811e+01     
  59.000          90.000           -1.075e+00          -1.166e+00              42.728          -1.787e+01             281.684           1.810e+01     
  60.000          90.000           -1.232e+00          -1.327e+00              42.679          -1.789e+01             280.223           1.809e+01     
  61.000          90.000           -1.394e+00          -1.492e+00              42.629          -1.790e+01             278.760           1.809e+01     
  62.000          90.000           -1.561e+00          -1.663e+00              42.576          -1.791e+01             277.294           1.808e+01     
  63.000          90.000           -1.732e+00          -1.838e+00              42.521          -1.792e+01             275.827           1.808e+01     
  64.000          90.000           -1.909e+00          -2.019e+00              42.465          -1.793e+01             274.358           1.808e+01     
  65.000          90.000           -2.091e+00          -2.206e+00              42.406          -1.794e+01             272.888           1.808e+01     
  66.000          90.000           -2.279e+00          -2.398e+00              42.346          -1.795e+01             271.418           1.809e+01     
  67.000          90.000           -2.472e+00          -2.597e+00              42.283          -1.795e+01             269.949           1.809e+01     
  68.000          90.000           -2.671e+00          -2.801e+00              42.219          -1.795e+01             268.481           1.810e+01     
  69.000          90.000           -2.876e+00          -3.013e+00              42.153          -1.795e+01             267.015           1.811e+01     
  70.000          90.000           -3.087e+00          -3.231e+00              42.085          -1.795e+01             265.551           1.812e+01     
  71.000          90.000           -3.305e+00          -3.457e+00              42.015          -1.794e+01             264.091           1.814e+01     
  72.000          90.000           -3.531e+00          -3.691e+00              41.943          -1.794e+01             262.634           1.815e+01     
  73.000          90.000           -3.763e+00          -3.933e+00              41.869          -1.793e+01             261.183           1.817e+01     
  74.000          90.000           -4.003e+00          -4.183e+00              41.794          -1.792e+01             259.738           1.819e+01     
  75.000          90.000           -4.252e+00          -4.443e+00              41.716          -1.790e+01             258.299           1.821e+01     
  76.000          90.000           -4.508e+00          -4.712e+00              41.637          -1.789e+01             256.868           1.823e+01     
  77.000          90.000           -4.774e+00          -4.992e+00              41.555          -1.787e+01             255.446           1.826e+01     
  78.000          90.000           -5.049e+00          -5.283e+00              41.471          -1.785e+01             254.033           1.828e+01     
  79.000          90.000           -5.334e+00          -5.586e+00              41.385          -1.782e+01             252.630           1.832e+01     
  80.000          90.000           -5.629e+00          -5.902e+00              41.297          -1.780e+01             251.239           1.835e+01     
  81.000          90.000           -5.936e+00          -6.231e+00              41.205          -1.777e+01             249.860           1.838e+01     
  82.000          90.000           -6.255e+00          -6.575e+00              41.111          -1.773e+01             248.494           1.842e+01     
  83.000          90.000           -6.586e+00          -6.935e+00              41.014          -1.770e+01             247.142           1.847e+01     
  84.000          90.000           -6.930e+00          -7.313e+00              40.913          -1.766e+01             245.805           1.851e+01     
  85.000          90.000           -7.288e+00          -7.710e+00              40.809          -1.762e+01             244.484           1.856e+01     
  86.000          90.000           -7.662e+00          -8.128e+00              40.699          -1.758e+01             243.180           1.862e+01     
  87.000          90.000           -8.051e+00          -8.570e+00              40.584          -1.754e+01             241.894           1.868e+01     
  88.000          90.000           -8.457e+00          -9.037e+00              40.464          -1.749e+01             240.627           1.875e+01     
  89.000          90.000           -8.881e+00          -9.533e+00              40.335          -1.744e+01             239.379           1.883e+01     
  90.000          90.000           -9.324e+00          -1.006e+01              40.198          -1.739e+01             238.149           1.892e+01     
  91.000          90.000           -9.787e+00          -1.063e+01              40.051          -1.734e+01             236.942           1.902e+01     
  92.000          90.000           -1.027e+01          -1.123e+01              39.890          -1.728e+01             235.757           1.913e+01     
  93.000          90.000           -1.077e+01          -1.189e+01              39.712          -1.722e+01             234.594           1.927e+01     
  94.000          90.000           -1.130e+01          -1.260e+01              39.514          -1.716e+01             233.454           1.943e+01     
  95.000          90.000           -1.184e+01          -1.338e+01              39.289          -1.710e+01             232.338           1.963e+01     
  96.000          90.000           -1.241e+01          -1.424e+01              39.028          -1.704e+01             231.246           1.986e+01     
  97.000          90.000           -1.298e+01          -1.519e+01              38.718          -1.697e+01             230.179           2.015e+01     
  98.000          90.000           -1.357e+01          -1.627e+01              38.340          -1.690e+01             229.137           2.051e+01     
  99.000          90.000           -1.415e+01          -1.751e+01              37.859          -1.684e+01             228.121           2.096e+01     
 100.000          90.000           -1.471e+01          -1.895e+01              37.221          -1.677e+01             227.131           2.152e+01     
 101.000          90.000           -1.524e+01          -2.069e+01              36.319          -1.669e+01             226.167           2.220e+01     
 102.000          90.000           -1.570e+01          -2.287e+01              34.925          -1.662e+01             225.230           2.300e+01     
 103.000          90.000           -1.606e+01          -2.579e+01              32.444          -1.655e+01             224.320           2.391e+01     
 104.000          90.000           -1.629e+01          -3.016e+01              26.732          -1.647e+01             223.437           2.485e+01     
 105.000          90.000           -1.637e+01          -3.839e+01               1.681          -1.640e+01             222.582           2.570e+01     
 106.000          90.000           -1.629e+01          -3.722e+01             254.406          -1.632e+01             221.754           2.631e+01     
 107.000          90.000           -1.605e+01          -2.957e+01             234.073          -1.624e+01             220.953           2.658e+01     
 108.000          90.000           -1.568e+01          -2.539e+01             228.934          -1.617e+01             220.181           2.654e+01     
 109.000          90.000           -1.520e+01          -2.255e+01             226.628          -1.609e+01             219.436           2.626e+01     
 110.000          90.000           -1.466e+01          -2.040e+01             225.316          -1.601e+01             218.719           2.586e+01     
 111.000          90.000           -1.408e+01          -1.868e+01             224.468          -1.593e+01             218.030           2.543e+01     
 112.000          90.000           -1.348e+01          -1.724e+01             223.873          -1.585e+01             217.369           2.502e+01     
 113.000          90.000           -1.287e+01          -1.600e+01             223.431          -1.577e+01             216.735           2.466e+01     
 114.000          90.000           -1.228e+01          -1.492e+01             223.091          -1.569e+01             216.129           2.435e+01     
 115.000          90.000           -1.169e+01          -1.395e+01             222.821          -1.561e+01             215.550           2.410e+01     
 116.000          90.000           -1.113e+01          -1.309e+01             222.601          -1.553e+01             214.999           2.389e+01     
 117.000          90.000           -1.058e+01          -1.230e+01             222.420          -1.545e+01             214.474           2.373e+01     
 118.000          90.000           -1.006e+01          -1.157e+01             222.270          -1.537e+01             213.977           2.361e+01     
 119.000          90.000           -9.556e+00          -1.090e+01             222.142          -1.529e+01             213.506           2.352e+01     
 120.000          90.000           -9.074e+00          -1.028e+01             222.035          -1.522e+01             213.062           2.345e+01     
 121.000          90.000           -8.612e+00          -9.706e+00             221.944          -1.514e+01             212.644           2.341e+01     
 122.000          90.000           -8.170e+00          -9.164e+00             221.867          -1.506e+01             212.252           2.339e+01     
 123.000          90.000           -7.746e+00          -8.656e+00             221.801          -1.498e+01             211.886           2.339e+01     
 124.000          90.000           -7.340e+00          -8.176e+00             221.747          -1.491e+01             211.545           2.340e+01     
 125.000          90.000           -6.950e+00          -7.722e+00             221.701          -1.483e+01             211.229           2.342e+01     
 126.000          90.000           -6.576e+00          -7.292e+00             221.665          -1.476e+01             210.939           2.346e+01     
 127.000          90.000           -6.217e+00          -6.884e+00             221.636          -1.468e+01             210.673           2.351e+01     
 128.000          90.000           -5.872e+00          -6.495e+00             221.614          -1.461e+01             210.431           2.357e+01     
 129.000          90.000           -5.540e+00          -6.125e+00             221.599          -1.454e+01             210.214           2.364e+01     
 130.000          90.000           -5.221e+00          -5.771e+00             221.590          -1.447e+01             210.020           2.372e+01     
 131.000          90.000           -4.914e+00          -5.433e+00             221.587          -1.440e+01             209.849           2.380e+01     
 132.000          90.000           -4.618e+00          -5.109e+00             221.590          -1.433e+01             209.702           2.389e+01     
 133.000          90.000           -4.333e+00          -4.798e+00             221.598          -1.426e+01             209.578           2.399e+01     
 134.000          90.000           -4.058e+00          -4.500e+00             221.611          -1.420e+01             209.476           2.409e+01     
 135.000          90.000           -3.793e+00          -4.215e+00             221.629          -1.413e+01             209.396           2.421e+01     
 136.000          90.000           -3.537e+00          -3.940e+00             221.652          -1.407e+01             209.338           2.432e+01     
 137.000          90.000           -3.291e+00          -3.676e+00             221.680          -1.401e+01             209.301           2.445e+01     
 138.000          90.000           -3.053e+00          -3.422e+00             221.712          -1.394e+01             209.286           2.457e+01     
 139.000          90.000           -2.823e+00          -3.177e+00             221.749          -1.389e+01             209.291           2.471e+01     
 140.000          90.000           -2.601e+00          -2.942e+00             221.790          -1.383e+01             209.317           2.485e+01     
 141.000          90.000           -2.387e+00          -2.715e+00             221.835          -1.377e+01             209.363           2.500e+01     
 142.000          90.000           -2.180e+00          -2.496e+00             221.885          -1.371e+01             209.429           2.515e+01     
 143.000          90.000           -1.981e+00          -2.286e+00             221.939          -1.366e+01             209.515           2.531e+01     
 144.000          90.000           -1.788e+00          -2.083e+00             221.997          -1.361e+01             209.620           2.547e+01     
 145.000          90.000           -1.602e+00          -1.888e+00             222.060          -1.356e+01             209.744           2.564e+01     
 146.000          90.000           -1.422e+00          -1.700e+00             222.126          -1.351e+01             209.887           2.581e+01     
 147.000          90.000           -1.249e+00          -1.519e+00             222.197          -1.346e+01             210.048           2.600e+01     
 148.000          90.000           -1.082e+00          -1.344e+00             222.271          -1.342e+01             210.227           2.618e+01     
 149.000          90.000           -9.215e-01          -1.176e+00             222.350          -1.337e+01             210.424           2.638e+01     
 150.000          90.000           -7.664e-01          -1.014e+00             222.433          -1.333e+01             210.638           2.658e+01     
 151.000          90.000           -6.170e-01          -8.584e-01             222.519          -1.329e+01             210.869           2.679e+01     
 152.000          90.000           -4.732e-01          -7.087e-01             222.610          -1.325e+01             211.118           2.701e+01     
 153.000          90.000           -3.349e-01          -5.649e-01             222.705          -1.321e+01             211.383           2.723e+01     
 154.000          90.000           -2.020e-01          -4.268e-01             222.803          -1.317e+01             211.664           2.746e+01     
 155.000          90.000           -7.440e-02          -2.942e-01             222.906          -1.314e+01             211.961           2.770e+01     
 156.000          90.000            4.805e-02          -1.671e-01             223.013          -1.311e+01             212.274           2.795e+01     
 157.000          90.000            1.654e-01          -4.541e-02             223.123          -1.308e+01             212.602           2.821e+01     
 158.000          90.000            2.778e-01           7.106e-02             223.238          -1.305e+01             212.946           2.848e+01     
 159.000          90.000            3.852e-01           1.824e-01             223.357          -1.302e+01             213.305           2.876e+01     
 160.000          90.000            4.877e-01           2.886e-01             223.480          -1.300e+01             213.678           2.905e+01     
 161.000          90.000            5.855e-01           3.898e-01             223.606          -1.297e+01             214.065           2.936e+01     
 162.000          90.000            6.785e-01           4.861e-01             223.737          -1.295e+01             214.467           2.967e+01     
 163.000          90.000            7.668e-01           5.775e-01             223.872          -1.293e+01             214.883           3.000e+01     
 164.000          90.000            8.505e-01           6.641e-01             224.011          -1.292e+01             215.312           3.035e+01     
 165.000          90.000            9.297e-01           7.460e-01             224.154          -1.290e+01             215.755           3.071e+01     
 166.000          90.000            1.004e+00           8.232e-01             224.301          -1.289e+01             216.211           3.110e+01     
 167.000          90.000            1.074e+00           8.957e-01             224.453          -1.287e+01             216.680           3.150e+01     
 168.000          90.000            1.140e+00           9.637e-01             224.608          -1.286e+01             217.162           3.192e+01     
 169.000          90.000            1.201e+00           1.027e+00             224.768          -1.285e+01             217.656           3.237e+01     
 170.000          90.000            1.258e+00           1.086e+00             224.932          -1.285e+01             218.162           3.284e+01     
 171.000          90.000            1.311e+00           1.140e+00             225.100          -1.284e+01             218.680           3.335e+01     
 172.000          90.000            1.359e+00           1.190e+00             225.273          -1.284e+01             219.210           3.389e+01     
 173.000          90.000            1.403e+00           1.236e+00             225.450          -1.284e+01             219.752           3.447e+01     
 174.000          90.000            1.442e+00           1.277e+00             225.631          -1.284e+01             220.305           3.509e+01     
 175.000          90.000            1.478e+00           1.314e+00             225.817          -1.284e+01             220.869           3.577e+01     
 176.000          90.000            1.509e+00           1.347e+00             226.007          -1.285e+01             221.444           3.650e+01     
 177.000          90.000            1.536e+00           1.375e+00             226.202          -1.285e+01             222.030           3.731e+01     
 178.000          90.000            1.559e+00           1.399e+00             226.402          -1.286e+01             222.627           3.821e+01     
 179.000          90.000            1.577e+00           1.419e+00             226.606          -1.287e+01             223.233           3.922e+01     
 180.000          90.000            1.592e+00           1.434e+00             226.815          -1.289e+01             223.849           4.000e+01     
 179.000         270.000            1.602e+00           1.446e+00              47.028          -1.290e+01              44.476           4.000e+01     
 178.000         270.000            1.609e+00           1.453e+00              47.247          -1.292e+01              45.113           4.000e+01     
 177.000         270.000            1.611e+00           1.455e+00              47.470          -1.293e+01              45.759           4.000e+01     
 176.000         270.000            1.609e+00           1.454e+00              47.699          -1.295e+01              46.414           4.000e+01     
 175.000         270.000            1.603e+00           1.449e+00              47.932          -1.298e+01              47.079           4.000e+01     
 174.000         270.000            1.593e+00           1.439e+00              48.171          -1.300e+01              47.752           4.000e+01     
 173.000         270.000            1.578e+00           1.425e+00              48.416          -1.302e+01              48.435           4.000e+01     
 172.000         270.000            1.560e+00           1.407e+00              48.665          -1.305e+01              49.126           4.000e+01     
 171.000         270.000            1.538e+00           1.385e+00              48.920          -1.308e+01              49.825           4.000e+01     
 170.000         270.000            1.511e+00           1.359e+00              49.181          -1.311e+01              50.533           4.000e+01     
 169.000         270.000            1.481e+00           1.329e+00              49.448          -1.314e+01              51.250           4.000e+01     
 168.000         270.000            1.446e+00           1.294e+00              49.721          -1.318e+01              51.974           4.000e+01     
 167.000         270.000            1.408e+00           1.255e+00              49.999          -1.322e+01              52.706           4.000e+01     
 166.000         270.000            1.365e+00           1.213e+00              50.284          -1.325e+01              53.445           3.994e+01     
 165.000         270.000            1.319e+00           1.166e+00              50.575          -1.329e+01              54.192           3.877e+01     
 164.000         270.000            1.268e+00           1.115e+00              50.873          -1.334e+01              54.947           3.773e+01     
 163.000         270.000            1.213e+00           1.059e+00              51.178          -1.338e+01              55.709           3.679e+01     
 162.000         270.000            1.154e+00           1.000e+00              51.490          -1.343e+01              56.478           3.595e+01     
 161.000         270.000            1.091e+00           9.364e-01              51.809          -1.347e+01              57.254           3.517e+01     
 160.000         270.000            1.024e+00           8.687e-01              52.135          -1.352e+01              58.037           3.446e+01     
 159.000         270.000            9.527e-01           7.968e-01              52.469          -1.357e+01              58.826           3.379e+01     
 158.000         270.000            8.774e-01           7.206e-01              52.811          -1.363e+01              59.622           3.317e+01     
 157.000         270.000            7.980e-01           6.403e-01              53.161          -1.368e+01              60.425           3.259e+01     
 156.000         270.000            7.144e-01           5.557e-01              53.519          -1.374e+01              61.234           3.205e+01     
 155.000         270.000            6.267e-01           4.669e-01              53.886          -1.379e+01              62.049           3.153e+01     
 154.000         270.000            5.348e-01           3.738e-01              54.263          -1.385e+01              62.870           3.104e+01     
 153.000         270.000            4.387e-01           2.764e-01              54.649          -1.392e+01              63.697           3.058e+01     
 152.000         270.000            3.385e-01           1.747e-01              55.045          -1.398e+01              64.530           3.013e+01     
 151.000         270.000            2.340e-01           6.871e-02              55.451          -1.404e+01              65.369           2.971e+01     
 150.000         270.000            1.253e-01          -4.166e-02              55.868          -1.411e+01              66.214           2.931e+01     
 149.000         270.000            1.230e-02          -1.564e-01              56.296          -1.418e+01              67.065           2.892e+01     
 148.000         270.000           -1.050e-01          -2.756e-01              56.736          -1.425e+01              67.920           2.855e+01     
 147.000         270.000           -2.266e-01          -3.992e-01              57.188          -1.432e+01              68.782           2.819e+01     
 146.000         270.000           -3.525e-01          -5.273e-01              57.653          -1.439e+01              69.649           2.785e+01     
 145.000         270.000           -4.828e-01          -6.599e-01              58.131          -1.447e+01              70.521           2.751e+01     
 144.000         270.000           -6.175e-01          -7.970e-01              58.624          -1.454e+01              71.399           2.720e+01     
 143.000         270.000           -7.566e-01          -9.387e-01              59.131          -1.462e+01              72.282           2.689e+01     
 142.000         270.000           -9.002e-01          -1.085e+00              59.654          -1.470e+01              73.170           2.659e+01     
 141.000         270.000           -1.048e+00          -1.236e+00              60.194          -1.478e+01              74.064           2.631e+01     
 140.000         270.000           -1.201e+00          -1.392e+00              60.751          -1.487e+01              74.963           2.603e+01     
 139.000         270.000           -1.358e+00          -1.552e+00              61.327          -1.495e+01              75.867           2.577e+01     
 138.000         270.000           -1.520e+00          -1.718e+00              61.921          -1.504e+01              76.776           2.551e+01     
 137.000         270.000           -1.686e+00          -1.888e+00              62.537          -1.512e+01              77.691           2.527e+01     
 136.000         270.000           -1.858e+00          -2.063e+00              63.174          -1.521e+01              78.611           2.503e+01     
 135.000         270.000           -2.033e+00          -2.243e+00              63.835          -1.530e+01              79.536           2.480e+01     
 134.000         270.000           -2.214e+00          -2.428e+00              64.520          -1.539e+01              80.467           2.459e+01     
 133.000         270.000           -2.399e+00          -2.618e+00              65.232          -1.549e+01              81.404           2.438e+01     
 132.000         270.000           -2.589e+00          -2.813e+00              65.971          -1.558e+01              82.345           2.418e+01     
 131.000         270.000           -2.784e+00          -3.013e+00              66.740          -1.568e+01              83.293           2.400e+01     
 130.000         270.000           -2.984e+00          -3.219e+00              67.541          -1.578e+01              84.247           2.382e+01     
 129.000         270.000           -3.189e+00          -3.429e+00              68.375          -1.588e+01              85.206           2.366e+01     
 128.000         270.000           -3.399e+00          -3.645e+00              69.246          -1.598e+01              86.172           2.351e+01     
 127.000         270.000           -3.613e+00          -3.866e+00              70.156          -1.608e+01              87.144           2.337e+01     
 126.000         270.000           -3.833e+00          -4.093e+00              71.108          -1.619e+01              88.122           2.325e+01     
 125.000         270.000           -4.057e+00          -4.324e+00              72.104          -1.629e+01              89.107           2.314e+01     
 124.000         270.000           -4.286e+00          -4.561e+00              73.148          -1.640e+01              90.099           2.305e+01     
 123.000         270.000           -4.519e+00          -4.803e+00              74.243          -1.651e+01              91.099           2.298e+01     
 122.000         270.000           -4.757e+00          -5.050e+00              75.394          -1.662e+01              92.105           2.293e+01     
 121.000         270.000           -5.000e+00          -5.302e+00              76.605          -1.673e+01              93.120           2.291e+01     
 120.000         270.000           -5.247e+00          -5.558e+00              77.879          -1.684e+01              94.142           2.292e+01     
 119.000         270.000           -5.497e+00          -5.819e+00              79.222          -1.695e+01              95.173           2.295e+01     
 118.000         270.000           -5.752e+00          -6.085e+00              80.639          -1.707e+01              96.213           2.303e+01     
 117.000         270.000           -6.009e+00          -6.354e+00              82.136          -1.718e+01              97.262           2.315e+01     
 116.000         270.000           -6.270e+00          -6.626e+00              83.718          -1.730e+01              98.320           2.332e+01     
 115.000         270.000           -6.532e+00          -6.901e+00              85.392          -1.742e+01              99.389           2.355e+01     
 114.000         270.000           -6.796e+00          -7.179e+00              87.163          -1.754e+01             100.468           2.385e+01     
 113.000         270.000           -7.061e+00          -7.457e+00              89.040          -1.766e+01             101.558           2.424e+01     
 112.000         270.000           -7.326e+00          -7.735e+00              91.027          -1.778e+01             102.659           2.474e+01     
 111.000         270.000           -7.589e+00          -8.013e+00              93.132          -1.790e+01             103.772           2.539e+01     
 110.000         270.000           -7.849e+00          -8.287e+00              95.361          -1.803e+01             104.898           2.621e+01     
 109.000         270.000           -8.105e+00          -8.558e+00              97.720          -1.815e+01             106.037           2.727e+01     
 108.000         270.000           -8.355e+00          -8.822e+00             100.214          -1.827e+01             107.190           2.868e+01     
 107.000         270.000           -8.597e+00          -9.077e+00             102.845          -1.840e+01             108.357           3.062e+01     
 106.000         270.000           -8.829e+00          -9.322e+00             105.617          -1.852e+01             109.539           3.348e+01     
 105.000         270.000           -9.049e+00          -9.553e+00             108.529          -1.865e+01             110.736           3.839e+01     
 104.000         270.000           -9.253e+00          -9.767e+00             111.577          -1.878e+01             111.949           4.000e+01     
 103.000         270.000           -9.440e+00          -9.962e+00             114.755          -1.890e+01             113.179           4.000e+01     
 102.000         270.000           -9.607e+00          -1.013e+01             118.053          -1.903e+01             114.426           3.392e+01     
 101.000         270.000           -9.752e+00          -1.028e+01             121.458          -1.915e+01             115.691           2.988e+01     
 100.000         270.000           -9.872e+00          -1.040e+01             124.952          -1.928e+01             116.975           2.707e+01     
  99.000         270.000           -9.965e+00          -1.049e+01             128.514          -1.940e+01             118.277           2.494e+01     
  98.000         270.000           -1.003e+01          -1.055e+01             132.121          -1.953e+01             119.599           2.325e+01     
  97.000         270.000           -1.007e+01          -1.057e+01             135.745          -1.965e+01             120.941           2.188e+01     
  96.000         270.000           -1.007e+01          -1.056e+01             139.362          -1.977e+01             122.303           2.077e+01     
  95.000         270.000           -1.005e+01          -1.052e+01             142.944          -1.989e+01             123.686           1.986e+01     
  94.000         270.000           -9.997e+00          -1.045e+01             146.467          -2.001e+01             125.090           1.913e+01     
  93.000         270.000           -9.918e+00          -1.035e+01             149.908          -2.012e+01             126.514           1.854e+01     
  92.000         270.000           -9.813e+00          -1.023e+01             153.248          -2.024e+01             127.959           1.809e+01     
  91.000         270.000           -9.685e+00          -1.008e+01             156.471          -2.035e+01             129.426           1.775e+01     
  90.000         270.000           -9.536e+00          -9.903e+00             159.566          -2.046e+01             130.912           1.752e+01     
  89.000         270.000           -9.369e+00          -9.712e+00             162.525          -2.056e+01             132.421           1.737e+01     
  88.000         270.000           -9.186e+00          -9.506e+00             165.343          -2.066e+01             133.947           1.730e+01     
  87.000         270.000           -8.989e+00          -9.288e+00             168.019          -2.076e+01             135.493           1.730e+01     
  86.000         270.000           -8.781e+00          -9.059e+00             170.553          -2.085e+01             137.056           1.735e+01     
  85.000         270.000           -8.564e+00          -8.823e+00             172.948          -2.094e+01             138.635           1.746e+01     
  84.000         270.000           -8.340e+00          -8.580e+00             175.209          -2.102e+01             140.230           1.761e+01     
  83.000         270.000           -8.110e+00          -8.334e+00             177.341          -2.110e+01             141.839           1.779e+01     
  82.000         270.000           -7.877e+00          -8.085e+00             179.350          -2.117e+01             143.459           1.801e+01     
  81.000         270.000           -7.641e+00          -7.835e+00             181.242          -2.124e+01             145.089           1.825e+01     
  80.000         270.000           -7.405e+00          -7.585e+00             183.025          -2.130e+01             146.726           1.851e+01     
  79.000         270.000           -7.167e+00          -7.336e+00             184.705          -2.135e+01             148.368           1.879e+01     
  78.000         270.000           -6.931e+00          -7.089e+00             186.288          -2.140e+01             150.012           1.908e+01     
  77.000         270.000           -6.696e+00          -6.844e+00             187.781          -2.144e+01             151.656           1.938e+01     
  76.000         270.000           -6.462e+00          -6.602e+00             189.191          -2.147e+01             153.296           1.969e+01     
  75.000         270.000           -6.231e+00          -6.362e+00             190.521          -2.150e+01             154.930           2.001e+01     
  74.000         270.000           -6.003e+00          -6.127e+00             191.779          -2.152e+01             156.553           2.034e+01     
  73.000         270.000           -5.777e+00          -5.894e+00             192.969          -2.153e+01             158.164           2.066e+01     
  72.000         270.000           -5.555e+00          -5.666e+00             194.096          -2.153e+01             159.758           2.099e+01     
  71.000         270.000           -5.336e+00          -5.442e+00             195.165          -2.153e+01             161.333           2.132e+01     
  70.000         270.000           -5.121e+00          -5.221e+00             196.178          -2.152e+01             162.885           2.165e+01     
  69.000         270.000           -4.909e+00          -5.005e+00             197.141          -2.150e+01             164.411           2.197e+01     
  68.000         270.000           -4.701e+00          -4.793e+00             198.056          -2.147e+01             165.909           2.230e+01     
  67.000         270.000           -4.496e+00          -4.585e+00             198.927          -2.144e+01             167.375           2.261e+01     
  66.000         270.000           -4.296e+00          -4.381e+00             199.757          -2.141e+01             168.807           2.293e+01     
  65.000         270.000           -4.099e+00          -4.181e+00             200.548          -2.136e+01             170.202           2.324e+01     
  64.000         270.000           -3.906e+00          -3.985e+00             201.304          -2.131e+01             171.558           2.354e+01     
  63.000         270.000           -3.716e+00          -3.793e+00             202.025          -2.126e+01             172.873           2.383e+01     
  62.000         270.000           -3.530e+00          -3.605e+00             202.715          -2.120e+01             174.145           2.412e+01     
  61.000         270.000           -3.348e+00          -3.421e+00             203.376          -2.114e+01             175.373           2.440e+01     
  60.000         270.000           -3.169e+00          -3.240e+00             204.009          -2.107e+01             176.556           2.466e+01     
  59.000         270.000           -2.994e+00          -3.063e+00             204.616          -2.099e+01             177.691           2.492e+01     
  58.000         270.000           -2.822e+00          -2.890e+00             205.199          -2.092e+01             178.779           2.517e+01     
  57.000         270.000           -2.653e+00          -2.720e+00             205.759          -2.084e+01             179.818           2.541e+01     
  56.000         270.000           -2.488e+00          -2.553e+00             206.297          -2.076e+01             180.808           2.563e+01     
  55.000         270.000           -2.326e+00          -2.390e+00             206.815          -2.067e+01             181.749           2.585e+01     
  54.000         270.000           -2.168e+00          -2.231e+00             207.314          -2.058e+01             182.640           2.604e+01     
  53.000         270.000           -2.012e+00          -2.074e+00             207.795          -2.049e+01             183.482           2.623e+01     
  52.000         270.000           -1.860e+00          -1.921e+00             208.258          -2.040e+01             184.275           2.640e+01     
  51.000         270.000           -1.711e+00          -1.771e+00             208.706          -2.031e+01             185.018           2.656e+01     
  50.000         270.000           -1.565e+00          -1.624e+00             209.139          -2.022e+01             185.713           2.671e+01     
  49.000         270.000           -1.421e+00          -1.480e+00             209.557          -2.012e+01             186.360           2.684e+01     
  48.000         270.000           -1.281e+00          -1.339e+00             209.961          -2.003e+01             186.959           2.695e+01     
  47.000         270.000           -1.144e+00          -1.201e+00             210.352          -1.993e+01             187.510           2.705e+01     
  46.000         270.000           -1.009e+00          -1.066e+00             210.732          -1.984e+01             188.016           2.714e+01     
  45.000         270.000           -8.774e-01          -9.342e-01             211.099          -1.975e+01             188.475           2.721e+01     
  44.000         270.000           -7.484e-01          -8.047e-01             211.456          -1.965e+01             188.890           2.726e+01     
  43.000         270.000           -6.222e-01          -6.780e-01             211.802          -1.956e+01             189.260           2.730e+01     
  42.000         270.000           -4.986e-01          -5.541e-01             212.137          -1.946e+01             189.588           2.733e+01     
  41.000         270.000           -3.778e-01          -4.329e-01             212.464          -1.937e+01             189.872           2.734e+01     
  40.000         270.000           -2.595e-01          -3.143e-01             212.781          -1.928e+01             190.115           2.734e+01     
  39.000         270.000           -1.439e-01          -1.983e-01             213.090          -1.919e+01             190.317           2.733e+01     
  38.000         270.000           -3.092e-02          -8.502e-02             213.390          -1.910e+01             190.479           2.730e+01     
  37.000         270.000            7.953e-02           2.572e-02             213.682          -1.902e+01             190.602           2.727e+01     
  36.000         270.000            1.874e-01           1.339e-01             213.967          -1.893e+01             190.687           2.722e+01     
  35.000         270.000            2.928e-01           2.395e-01             214.244          -1.885e+01             190.734           2.716e+01     
  34.000         270.000            3.957e-01           3.426e-01             214.515          -1.876e+01             190.745           2.709e+01     
  33.000         270.000            4.960e-01           4.433e-01             214.778          -1.868e+01             190.719           2.701e+01     
  32.000         270.000            5.939e-01           5.414e-01             215.036          -1.860e+01             190.659           2.692e+01     
  31.000         270.000            6.894e-01           6.370e-01             215.287          -1.853e+01             190.564           2.682e+01     
  30.000         270.000            7.823e-01           7.302e-01             215.532          -1.845e+01             190.435           2.672e+01     
  29.000         270.000            8.729e-01           8.210e-01             215.772          -1.838e+01             190.274           2.660e+01     
  28.000         270.000            9.610e-01           9.093e-01             216.005          -1.830e+01             190.081           2.648e+01     
  27.000         270.000            1.047e+00           9.951e-01             216.234          -1.823e+01             189.856           2.636e+01     
  26.000         270.000            1.130e+00           1.079e+00             216.457          -1.817e+01             189.601           2.623e+01     
  25.000         270.000            1.211e+00           1.160e+00             216.676          -1.810e+01             189.315           2.609e+01     
  24.000         270.000            1.289e+00           1.238e+00             216.889          -1.804e+01             189.000           2.596e+01     
  23.000         270.000            1.365e+00           1.314e+00             217.098          -1.798e+01             188.656           2.581e+01     
  22.000         270.000            1.439e+00           1.388e+00             217.302          -1.792e+01             188.285           2.567e+01     
  21.000         270.000            1.510e+00           1.460e+00             217.502          -1.786e+01             187.885           2.552e+01     
  20.000         270.000            1.579e+00           1.529e+00             217.697          -1.780e+01             187.459           2.536e+01     
  19.000         270.000            1.646e+00           1.595e+00             217.889          -1.775e+01             187.006           2.521e+01     
  18.000         270.000            1.710e+00           1.660e+00             218.076          -1.770e+01             186.527           2.506e+01     
  17.000         270.000            1.772e+00           1.722e+00             218.259          -1.765e+01             186.023           2.490e+01     
  16.000         270.000            1.831e+00           1.781e+00             218.438          -1.760e+01             185.494           2.474e+01     
  15.000         270.000            1.888e+00           1.838e+00             218.613          -1.755e+01             184.941           2.458e+01     
  14.000         270.000            1.942e+00           1.893e+00             218.785          -1.751e+01             184.364           2.443e+01     
  13.000         270.000            1.995e+00           1.945e+00             218.952          -1.747e+01             183.764           2.427e+01     
  12.000         270.000            2.044e+00           1.995e+00             219.116          -1.743e+01             183.141           2.411e+01     
  11.000         270.000            2.092e+00           2.043e+00             219.277          -1.739e+01             182.496           2.395e+01     
  10.000         270.000            2.137e+00           2.088e+00             219.434          -1.736e+01             181.829           2.380e+01     
   9.000         270.000            2.179e+00           2.130e+00             219.587          -1.732e+01             181.140           2.364e+01     
   8.000         270.000            2.220e+00           2.171e+00             219.737          -1.729e+01             180.430           2.348e+01     
   7.000         270.000            2.257e+00           2.209e+00             219.884          -1.726e+01             179.700           2.333e+01     
   6.000         270.000            2.293e+00           2.244e+00             220.027          -1.723e+01             178.950           2.318e+01     
   5.000         270.000            2.326e+00           2.277e+00             220.167          -1.720e+01             178.180           2.303e+01     
   4.000         270.000            2.356e+00           2.308e+00             220.303          -1.718e+01             177.390           2.288e+01     
   3.000         270.000            2.384e+00           2.336e+00             220.436          -1.716e+01             176.582           2.273e+01     
   2.000         270.000            2.410e+00           2.361e+00             220.566          -1.714e+01             175.755           2.259e+01     
   1.000         270.000            2.433e+00           2.385e+00             220.693          -1.712e+01             174.909           2.244e+01     

