#Parameters = {AirCoaxRadius=1.5; FeedXoffset=28; FeedYoffset=6.35; PatchWidth=34; ShortingPinXoffset=5.2; ShortingPinYoffset=6.35; Slot1Length=24.4; Slot1Width=1; Slot1Xoffset=42; Slot2Length=14.6; Slot2Width=3; f1=0.9075; f2=1.795}
farfield (f=1.8)
Theta [deg.]  Phi   [deg.]  Abs(Dir.)[dBi   ]   Abs(Theta)[dBi   ]  Phase(Theta)[deg.]  Abs(Phi  )[dBi   ]  Phase(Phi  )[deg.]  Ax.Ratio[dB    ]    
------------------------------------------------------------------------------------------------------------------------------------------------------
   0.000           0.000            1.654e+00          -2.430e+00             213.426          -4.960e-01             314.675           2.595e+00     
   1.000           0.000            1.581e+00          -2.495e+00             212.876          -5.738e-01             314.717           2.648e+00     
   2.000           0.000            1.506e+00          -2.561e+00             212.308          -6.549e-01             314.758           2.704e+00     
   3.000           0.000            1.428e+00          -2.629e+00             211.720          -7.393e-01             314.798           2.763e+00     
   4.000           0.000            1.348e+00          -2.698e+00             211.113          -8.271e-01             314.838           2.825e+00     
   5.000           0.000            1.265e+00          -2.768e+00             210.487          -9.183e-01             314.876           2.891e+00     
   6.000           0.000            1.179e+00          -2.839e+00             209.841          -1.013e+00             314.914           2.959e+00     
   7.000           0.000            1.092e+00          -2.911e+00             209.175          -1.111e+00             314.951           3.032e+00     
   8.000           0.000            1.001e+00          -2.985e+00             208.490          -1.213e+00             314.987           3.108e+00     
   9.000           0.000            9.084e-01          -3.059e+00             207.784          -1.318e+00             315.022           3.188e+00     
  10.000           0.000            8.131e-01          -3.133e+00             207.060          -1.427e+00             315.056           3.272e+00     
  11.000           0.000            7.154e-01          -3.209e+00             206.315          -1.540e+00             315.089           3.360e+00     
  12.000           0.000            6.153e-01          -3.285e+00             205.550          -1.657e+00             315.122           3.452e+00     
  13.000           0.000            5.128e-01          -3.362e+00             204.766          -1.777e+00             315.153           3.549e+00     
  14.000           0.000            4.079e-01          -3.439e+00             203.961          -1.901e+00             315.184           3.650e+00     
  15.000           0.000            3.006e-01          -3.517e+00             203.137          -2.029e+00             315.215           3.757e+00     
  16.000           0.000            1.910e-01          -3.595e+00             202.294          -2.161e+00             315.244           3.868e+00     
  17.000           0.000            7.908e-02          -3.673e+00             201.430          -2.297e+00             315.273           3.984e+00     
  18.000           0.000           -3.510e-02          -3.752e+00             200.548          -2.438e+00             315.301           4.106e+00     
  19.000           0.000           -1.515e-01          -3.831e+00             199.646          -2.582e+00             315.329           4.233e+00     
  20.000           0.000           -2.701e-01          -3.910e+00             198.725          -2.731e+00             315.356           4.366e+00     
  21.000           0.000           -3.909e-01          -3.989e+00             197.785          -2.884e+00             315.383           4.505e+00     
  22.000           0.000           -5.138e-01          -4.068e+00             196.826          -3.041e+00             315.409           4.650e+00     
  23.000           0.000           -6.387e-01          -4.146e+00             195.849          -3.203e+00             315.435           4.802e+00     
  24.000           0.000           -7.657e-01          -4.225e+00             194.854          -3.369e+00             315.461           4.960e+00     
  25.000           0.000           -8.946e-01          -4.303e+00             193.841          -3.540e+00             315.487           5.125e+00     
  26.000           0.000           -1.025e+00          -4.381e+00             192.809          -3.716e+00             315.513           5.298e+00     
  27.000           0.000           -1.158e+00          -4.459e+00             191.761          -3.896e+00             315.539           5.479e+00     
  28.000           0.000           -1.292e+00          -4.536e+00             190.695          -4.081e+00             315.565           5.667e+00     
  29.000           0.000           -1.429e+00          -4.613e+00             189.613          -4.271e+00             315.592           5.864e+00     
  30.000           0.000           -1.566e+00          -4.690e+00             188.513          -4.466e+00             315.620           6.070e+00     
  31.000           0.000           -1.705e+00          -4.765e+00             187.398          -4.667e+00             315.648           6.285e+00     
  32.000           0.000           -1.846e+00          -4.841e+00             186.267          -4.872e+00             315.677           6.510e+00     
  33.000           0.000           -1.988e+00          -4.915e+00             185.120          -5.083e+00             315.707           6.746e+00     
  34.000           0.000           -2.131e+00          -4.989e+00             183.958          -5.300e+00             315.739           6.992e+00     
  35.000           0.000           -2.276e+00          -5.063e+00             182.781          -5.522e+00             315.772           7.250e+00     
  36.000           0.000           -2.421e+00          -5.135e+00             181.589          -5.750e+00             315.807           7.520e+00     
  37.000           0.000           -2.568e+00          -5.207e+00             180.383          -5.984e+00             315.845           7.803e+00     
  38.000           0.000           -2.715e+00          -5.278e+00             179.162          -6.223e+00             315.884           8.101e+00     
  39.000           0.000           -2.863e+00          -5.349e+00             177.928          -6.469e+00             315.926           8.413e+00     
  40.000           0.000           -3.011e+00          -5.418e+00             176.680          -6.722e+00             315.972           8.741e+00     
  41.000           0.000           -3.160e+00          -5.487e+00             175.419          -6.981e+00             316.021           9.086e+00     
  42.000           0.000           -3.309e+00          -5.555e+00             174.145          -7.247e+00             316.073           9.450e+00     
  43.000           0.000           -3.458e+00          -5.622e+00             172.857          -7.520e+00             316.130           9.833e+00     
  44.000           0.000           -3.607e+00          -5.689e+00             171.557          -7.800e+00             316.192           1.024e+01     
  45.000           0.000           -3.756e+00          -5.754e+00             170.245          -8.088e+00             316.259           1.067e+01     
  46.000           0.000           -3.904e+00          -5.819e+00             168.919          -8.383e+00             316.333           1.112e+01     
  47.000           0.000           -4.052e+00          -5.883e+00             167.581          -8.687e+00             316.412           1.161e+01     
  48.000           0.000           -4.199e+00          -5.946e+00             166.231          -8.999e+00             316.499           1.212e+01     
  49.000           0.000           -4.345e+00          -6.009e+00             164.868          -9.319e+00             316.594           1.267e+01     
  50.000           0.000           -4.490e+00          -6.070e+00             163.493          -9.649e+00             316.699           1.326e+01     
  51.000           0.000           -4.634e+00          -6.130e+00             162.106          -9.988e+00             316.813           1.389e+01     
  52.000           0.000           -4.776e+00          -6.190e+00             160.706          -1.034e+01             316.938           1.457e+01     
  53.000           0.000           -4.916e+00          -6.249e+00             159.293          -1.070e+01             317.075           1.531e+01     
  54.000           0.000           -5.055e+00          -6.307e+00             157.868          -1.107e+01             317.226           1.611e+01     
  55.000           0.000           -5.191e+00          -6.364e+00             156.430          -1.145e+01             317.392           1.699e+01     
  56.000           0.000           -5.324e+00          -6.420e+00             154.980          -1.184e+01             317.575           1.796e+01     
  57.000           0.000           -5.455e+00          -6.475e+00             153.516          -1.225e+01             317.777           1.904e+01     
  58.000           0.000           -5.583e+00          -6.528e+00             152.038          -1.267e+01             318.000           2.025e+01     
  59.000           0.000           -5.708e+00          -6.581e+00             150.548          -1.310e+01             318.247           2.164e+01     
  60.000           0.000           -5.829e+00          -6.633e+00             149.044          -1.355e+01             318.520           2.325e+01     
  61.000           0.000           -5.947e+00          -6.684e+00             147.526          -1.402e+01             318.824           2.518e+01     
  62.000           0.000           -6.061e+00          -6.733e+00             145.993          -1.450e+01             319.162           2.759e+01     
  63.000           0.000           -6.172e+00          -6.781e+00             144.447          -1.500e+01             319.539           3.079e+01     
  64.000           0.000           -6.278e+00          -6.827e+00             142.886          -1.553e+01             319.960           3.564e+01     
  65.000           0.000           -6.379e+00          -6.872e+00             141.311          -1.607e+01             320.433           4.000e+01     
  66.000           0.000           -6.476e+00          -6.916e+00             139.721          -1.664e+01             320.966           4.000e+01     
  67.000           0.000           -6.568e+00          -6.958e+00             138.116          -1.723e+01             321.567           3.546e+01     
  68.000           0.000           -6.655e+00          -6.998e+00             136.496          -1.785e+01             322.251           3.151e+01     
  69.000           0.000           -6.737e+00          -7.036e+00             134.861          -1.851e+01             323.030           2.901e+01     
  70.000           0.000           -6.813e+00          -7.072e+00             133.211          -1.919e+01             323.925           2.724e+01     
  71.000           0.000           -6.884e+00          -7.106e+00             131.547          -1.992e+01             324.959           2.592e+01     
  72.000           0.000           -6.950e+00          -7.138e+00             129.867          -2.068e+01             326.162           2.493e+01     
  73.000           0.000           -7.010e+00          -7.167e+00             128.173          -2.150e+01             327.574           2.419e+01     
  74.000           0.000           -7.063e+00          -7.193e+00             126.464          -2.237e+01             329.248           2.364e+01     
  75.000           0.000           -7.112e+00          -7.217e+00             124.741          -2.329e+01             331.256           2.325e+01     
  76.000           0.000           -7.154e+00          -7.239e+00             123.005          -2.428e+01             333.694           2.301e+01     
  77.000           0.000           -7.190e+00          -7.257e+00             121.255          -2.535e+01             336.696           2.292e+01     
  78.000           0.000           -7.220e+00          -7.272e+00             119.493          -2.649e+01             340.453           2.295e+01     
  79.000           0.000           -7.244e+00          -7.283e+00             117.718          -2.771e+01             345.231           2.310e+01     
  80.000           0.000           -7.262e+00          -7.291e+00             115.933          -2.898e+01             351.396           2.339e+01     
  81.000           0.000           -7.274e+00          -7.296e+00             114.137          -3.028e+01             359.414           2.382e+01     
  82.000           0.000           -7.280e+00          -7.296e+00             112.332          -3.149e+01               9.758           2.440e+01     
  83.000           0.000           -7.280e+00          -7.293e+00             110.519          -3.244e+01              22.590           2.515e+01     
  84.000           0.000           -7.274e+00          -7.286e+00             108.699          -3.293e+01              37.220           2.611e+01     
  85.000           0.000           -7.263e+00          -7.275e+00             106.872          -3.285e+01              51.969           2.733e+01     
  86.000           0.000           -7.246e+00          -7.259e+00             105.042          -3.228e+01              65.085           2.888e+01     
  87.000           0.000           -7.223e+00          -7.240e+00             103.208          -3.143e+01              75.751           3.094e+01     
  88.000           0.000           -7.195e+00          -7.216e+00             101.373          -3.049e+01              84.058           3.384e+01     
  89.000           0.000           -7.162e+00          -7.187e+00              99.537          -2.955e+01              90.465           3.846e+01     
  90.000           0.000           -7.123e+00          -7.154e+00              97.703          -2.867e+01              95.447           4.000e+01     
  91.000           0.000           -7.080e+00          -7.117e+00              95.872          -2.787e+01              99.384           4.000e+01     
  92.000           0.000           -7.032e+00          -7.075e+00              94.046          -2.714e+01             102.553           3.675e+01     
  93.000           0.000           -6.979e+00          -7.028e+00              92.227          -2.649e+01             105.150           3.257e+01     
  94.000           0.000           -6.922e+00          -6.977e+00              90.416          -2.591e+01             107.317           2.977e+01     
  95.000           0.000           -6.861e+00          -6.922e+00              88.614          -2.539e+01             109.154           2.767e+01     
  96.000           0.000           -6.795e+00          -6.863e+00              86.824          -2.493e+01             110.737           2.602e+01     
  97.000           0.000           -6.726e+00          -6.799e+00              85.047          -2.451e+01             112.120           2.467e+01     
  98.000           0.000           -6.654e+00          -6.732e+00              83.285          -2.414e+01             113.344           2.354e+01     
  99.000           0.000           -6.577e+00          -6.660e+00              81.539          -2.382e+01             114.443           2.258e+01     
 100.000           0.000           -6.498e+00          -6.585e+00              79.810          -2.353e+01             115.441           2.175e+01     
 101.000           0.000           -6.416e+00          -6.506e+00              78.100          -2.328e+01             116.358           2.105e+01     
 102.000           0.000           -6.330e+00          -6.424e+00              76.411          -2.306e+01             117.211           2.044e+01     
 103.000           0.000           -6.243e+00          -6.338e+00              74.742          -2.287e+01             118.014           1.991e+01     
 104.000           0.000           -6.152e+00          -6.250e+00              73.096          -2.270e+01             118.777           1.946e+01     
 105.000           0.000           -6.060e+00          -6.158e+00              71.473          -2.257e+01             119.511           1.907e+01     
 106.000           0.000           -5.966e+00          -6.064e+00              69.874          -2.246e+01             120.224           1.875e+01     
 107.000           0.000           -5.870e+00          -5.968e+00              68.301          -2.238e+01             120.925           1.848e+01     
 108.000           0.000           -5.772e+00          -5.870e+00              66.753          -2.232e+01             121.619           1.826e+01     
 109.000           0.000           -5.673e+00          -5.769e+00              65.231          -2.229e+01             122.313           1.809e+01     
 110.000           0.000           -5.573e+00          -5.667e+00              63.736          -2.227e+01             123.015           1.797e+01     
 111.000           0.000           -5.472e+00          -5.564e+00              62.267          -2.229e+01             123.730           1.789e+01     
 112.000           0.000           -5.370e+00          -5.459e+00              60.827          -2.232e+01             124.465           1.785e+01     
 113.000           0.000           -5.268e+00          -5.353e+00              59.413          -2.238e+01             125.226           1.785e+01     
 114.000           0.000           -5.165e+00          -5.246e+00              58.028          -2.246e+01             126.021           1.789e+01     
 115.000           0.000           -5.061e+00          -5.139e+00              56.670          -2.256e+01             126.857           1.797e+01     
 116.000           0.000           -4.958e+00          -5.032e+00              55.340          -2.269e+01             127.743           1.809e+01     
 117.000           0.000           -4.854e+00          -4.924e+00              54.037          -2.284e+01             128.689           1.824e+01     
 118.000           0.000           -4.751e+00          -4.816e+00              52.762          -2.302e+01             129.706           1.844e+01     
 119.000           0.000           -4.648e+00          -4.709e+00              51.515          -2.322e+01             130.806           1.867e+01     
 120.000           0.000           -4.546e+00          -4.602e+00              50.294          -2.345e+01             132.004           1.894e+01     
 121.000           0.000           -4.444e+00          -4.496e+00              49.100          -2.371e+01             133.319           1.926e+01     
 122.000           0.000           -4.343e+00          -4.390e+00              47.933          -2.400e+01             134.773           1.962e+01     
 123.000           0.000           -4.243e+00          -4.286e+00              46.792          -2.432e+01             136.390           2.004e+01     
 124.000           0.000           -4.144e+00          -4.182e+00              45.676          -2.467e+01             138.203           2.050e+01     
 125.000           0.000           -4.046e+00          -4.080e+00              44.586          -2.506e+01             140.252           2.102e+01     
 126.000           0.000           -3.949e+00          -3.980e+00              43.521          -2.548e+01             142.585           2.161e+01     
 127.000           0.000           -3.853e+00          -3.880e+00              42.480          -2.594e+01             145.261           2.228e+01     
 128.000           0.000           -3.760e+00          -3.783e+00              41.464          -2.643e+01             148.356           2.303e+01     
 129.000           0.000           -3.667e+00          -3.688e+00              40.470          -2.695e+01             151.961           2.389e+01     
 130.000           0.000           -3.576e+00          -3.594e+00              39.501          -2.749e+01             156.184           2.489e+01     
 131.000           0.000           -3.487e+00          -3.503e+00              38.553          -2.805e+01             161.150           2.604e+01     
 132.000           0.000           -3.400e+00          -3.413e+00              37.628          -2.859e+01             166.987           2.742e+01     
 133.000           0.000           -3.315e+00          -3.327e+00              36.725          -2.909e+01             173.803           2.911e+01     
 134.000           0.000           -3.232e+00          -3.242e+00              35.842          -2.950e+01             181.636           3.127e+01     
 135.000           0.000           -3.151e+00          -3.160e+00              34.981          -2.976e+01             190.393           3.423e+01     
 136.000           0.000           -3.072e+00          -3.081e+00              34.139          -2.982e+01             199.794           3.888e+01     
 137.000           0.000           -2.995e+00          -3.005e+00              33.318          -2.965e+01             209.395           4.000e+01     
 138.000           0.000           -2.921e+00          -2.931e+00              32.516          -2.925e+01             218.689           4.000e+01     
 139.000           0.000           -2.849e+00          -2.860e+00              31.732          -2.867e+01             227.263           3.728e+01     
 140.000           0.000           -2.779e+00          -2.793e+00              30.967          -2.795e+01             234.880           3.302e+01     
 141.000           0.000           -2.712e+00          -2.728e+00              30.220          -2.715e+01             241.480           3.014e+01     
 142.000           0.000           -2.648e+00          -2.667e+00              29.491          -2.631e+01             247.122           2.795e+01     
 143.000           0.000           -2.586e+00          -2.608e+00              28.779          -2.547e+01             251.922           2.618e+01     
 144.000           0.000           -2.527e+00          -2.554e+00              28.083          -2.463e+01             256.008           2.469e+01     
 145.000           0.000           -2.470e+00          -2.502e+00              27.404          -2.382e+01             259.502           2.340e+01     
 146.000           0.000           -2.416e+00          -2.454e+00              26.740          -2.304e+01             262.508           2.227e+01     
 147.000           0.000           -2.366e+00          -2.410e+00              26.092          -2.230e+01             265.114           2.125e+01     
 148.000           0.000           -2.317e+00          -2.369e+00              25.459          -2.158e+01             267.389           2.032e+01     
 149.000           0.000           -2.272e+00          -2.332e+00              24.841          -2.090e+01             269.392           1.948e+01     
 150.000           0.000           -2.230e+00          -2.299e+00              24.237          -2.025e+01             271.167           1.869e+01     
 151.000           0.000           -2.190e+00          -2.269e+00              23.647          -1.962e+01             272.753           1.797e+01     
 152.000           0.000           -2.154e+00          -2.244e+00              23.071          -1.903e+01             274.177           1.729e+01     
 153.000           0.000           -2.120e+00          -2.222e+00              22.507          -1.846e+01             275.466           1.664e+01     
 154.000           0.000           -2.089e+00          -2.204e+00              21.957          -1.791e+01             276.639           1.604e+01     
 155.000           0.000           -2.062e+00          -2.191e+00              21.420          -1.739e+01             277.712           1.546e+01     
 156.000           0.000           -2.037e+00          -2.182e+00              20.894          -1.688e+01             278.699           1.491e+01     
 157.000           0.000           -2.015e+00          -2.177e+00              20.381          -1.640e+01             279.611           1.439e+01     
 158.000           0.000           -1.997e+00          -2.176e+00              19.879          -1.593e+01             280.458           1.389e+01     
 159.000           0.000           -1.981e+00          -2.179e+00              19.389          -1.549e+01             281.247           1.340e+01     
 160.000           0.000           -1.968e+00          -2.187e+00              18.909          -1.505e+01             281.987           1.294e+01     
 161.000           0.000           -1.959e+00          -2.200e+00              18.440          -1.464e+01             282.681           1.248e+01     
 162.000           0.000           -1.952e+00          -2.217e+00              17.982          -1.423e+01             283.336           1.205e+01     
 163.000           0.000           -1.948e+00          -2.238e+00              17.533          -1.384e+01             283.956           1.162e+01     
 164.000           0.000           -1.947e+00          -2.265e+00              17.095          -1.346e+01             284.544           1.121e+01     
 165.000           0.000           -1.949e+00          -2.296e+00              16.665          -1.310e+01             285.103           1.081e+01     
 166.000           0.000           -1.954e+00          -2.332e+00              16.245          -1.275e+01             285.638           1.041e+01     
 167.000           0.000           -1.962e+00          -2.373e+00              15.834          -1.240e+01             286.149           1.003e+01     
 168.000           0.000           -1.972e+00          -2.419e+00              15.431          -1.207e+01             286.639           9.653e+00     
 169.000           0.000           -1.986e+00          -2.470e+00              15.036          -1.175e+01             287.111           9.284e+00     
 170.000           0.000           -2.001e+00          -2.527e+00              14.650          -1.143e+01             287.565           8.922e+00     
 171.000           0.000           -2.020e+00          -2.589e+00              14.270          -1.113e+01             288.003           8.566e+00     
 172.000           0.000           -2.041e+00          -2.656e+00              13.898          -1.083e+01             288.428           8.216e+00     
 173.000           0.000           -2.064e+00          -2.728e+00              13.533          -1.055e+01             288.838           7.871e+00     
 174.000           0.000           -2.090e+00          -2.807e+00              13.174          -1.027e+01             289.237           7.531e+00     
 175.000           0.000           -2.118e+00          -2.891e+00              12.822          -9.997e+00             289.625           7.197e+00     
 176.000           0.000           -2.148e+00          -2.980e+00              12.475          -9.733e+00             290.003           6.867e+00     
 177.000           0.000           -2.180e+00          -3.076e+00              12.134          -9.476e+00             290.371           6.542e+00     
 178.000           0.000           -2.215e+00          -3.178e+00              11.797          -9.226e+00             290.730           6.222e+00     
 179.000           0.000           -2.250e+00          -3.286e+00              11.465          -8.983e+00             291.081           5.907e+00     
 180.000           0.000           -2.288e+00          -3.401e+00              11.137          -8.746e+00             291.425           5.598e+00     
 179.000         180.000           -2.327e+00          -3.522e+00             190.813          -8.516e+00             111.761           5.294e+00     
 178.000         180.000           -2.368e+00          -3.650e+00             190.492          -8.292e+00             112.092           4.997e+00     
 177.000         180.000           -2.409e+00          -3.784e+00             190.173          -8.073e+00             112.416           4.708e+00     
 176.000         180.000           -2.452e+00          -3.926e+00             189.856          -7.860e+00             112.734           4.429e+00     
 175.000         180.000           -2.495e+00          -4.075e+00             189.541          -7.653e+00             113.047           4.161e+00     
 174.000         180.000           -2.539e+00          -4.231e+00             189.226          -7.451e+00             113.355           3.907e+00     
 173.000         180.000           -2.584e+00          -4.395e+00             188.911          -7.255e+00             113.658           3.670e+00     
 172.000         180.000           -2.628e+00          -4.568e+00             188.595          -7.063e+00             113.957           3.455e+00     
 171.000         180.000           -2.673e+00          -4.748e+00             188.278          -6.877e+00             114.251           3.267e+00     
 170.000         180.000           -2.717e+00          -4.937e+00             187.958          -6.695e+00             114.542           3.112e+00     
 169.000         180.000           -2.761e+00          -5.134e+00             187.634          -6.518e+00             114.829           2.997e+00     
 168.000         180.000           -2.804e+00          -5.341e+00             187.305          -6.346e+00             115.112           2.928e+00     
 167.000         180.000           -2.846e+00          -5.557e+00             186.969          -6.178e+00             115.392           2.912e+00     
 166.000         180.000           -2.887e+00          -5.783e+00             186.627          -6.015e+00             115.669           2.951e+00     
 165.000         180.000           -2.927e+00          -6.020e+00             186.275          -5.856e+00             115.943           3.047e+00     
 164.000         180.000           -2.964e+00          -6.267e+00             185.911          -5.701e+00             116.214           3.197e+00     
 163.000         180.000           -3.000e+00          -6.525e+00             185.535          -5.550e+00             116.482           3.398e+00     
 162.000         180.000           -3.034e+00          -6.796e+00             185.144          -5.404e+00             116.747           3.646e+00     
 161.000         180.000           -3.065e+00          -7.078e+00             184.735          -5.261e+00             117.010           3.935e+00     
 160.000         180.000           -3.093e+00          -7.374e+00             184.305          -5.122e+00             117.270           4.262e+00     
 159.000         180.000           -3.119e+00          -7.684e+00             183.851          -4.987e+00             117.528           4.622e+00     
 158.000         180.000           -3.141e+00          -8.008e+00             183.368          -4.855e+00             117.784           5.015e+00     
 157.000         180.000           -3.161e+00          -8.348e+00             182.853          -4.727e+00             118.037           5.438e+00     
 156.000         180.000           -3.176e+00          -8.705e+00             182.300          -4.603e+00             118.289           5.890e+00     
 155.000         180.000           -3.188e+00          -9.079e+00             181.703          -4.482e+00             118.538           6.371e+00     
 154.000         180.000           -3.197e+00          -9.472e+00             181.055          -4.365e+00             118.785           6.883e+00     
 153.000         180.000           -3.201e+00          -9.885e+00             180.346          -4.250e+00             119.030           7.426e+00     
 152.000         180.000           -3.202e+00          -1.032e+01             179.567          -4.139e+00             119.273           8.003e+00     
 151.000         180.000           -3.198e+00          -1.078e+01             178.705          -4.031e+00             119.514           8.616e+00     
 150.000         180.000           -3.190e+00          -1.126e+01             177.745          -3.926e+00             119.753           9.270e+00     
 149.000         180.000           -3.179e+00          -1.178e+01             176.667          -3.824e+00             119.990           9.969e+00     
 148.000         180.000           -3.163e+00          -1.232e+01             175.449          -3.725e+00             120.225           1.072e+01     
 147.000         180.000           -3.143e+00          -1.289e+01             174.062          -3.629e+00             120.459           1.153e+01     
 146.000         180.000           -3.119e+00          -1.350e+01             172.470          -3.536e+00             120.690           1.241e+01     
 145.000         180.000           -3.091e+00          -1.415e+01             170.626          -3.445e+00             120.920           1.337e+01     
 144.000         180.000           -3.059e+00          -1.483e+01             168.471          -3.358e+00             121.148           1.444e+01     
 143.000         180.000           -3.023e+00          -1.556e+01             165.928          -3.272e+00             121.374           1.563e+01     
 142.000         180.000           -2.984e+00          -1.633e+01             162.901          -3.190e+00             121.598           1.699e+01     
 141.000         180.000           -2.941e+00          -1.714e+01             159.262          -3.109e+00             121.820           1.857e+01     
 140.000         180.000           -2.895e+00          -1.799e+01             154.855          -3.032e+00             122.040           2.047e+01     
 139.000         180.000           -2.846e+00          -1.885e+01             149.489          -2.956e+00             122.259           2.286e+01     
 138.000         180.000           -2.793e+00          -1.969e+01             142.959          -2.883e+00             122.475           2.609e+01     
 137.000         180.000           -2.738e+00          -2.047e+01             135.095          -2.812e+00             122.690           3.115e+01     
 136.000         180.000           -2.680e+00          -2.110e+01             125.862          -2.743e+00             122.902           4.000e+01     
 135.000         180.000           -2.620e+00          -2.150e+01             115.494          -2.676e+00             123.113           3.648e+01     
 134.000         180.000           -2.557e+00          -2.159e+01             104.571          -2.612e+00             123.321           2.894e+01     
 133.000         180.000           -2.492e+00          -2.137e+01              93.881          -2.549e+00             123.528           2.502e+01     
 132.000         180.000           -2.426e+00          -2.088e+01              84.124          -2.488e+00             123.732           2.237e+01     
 131.000         180.000           -2.358e+00          -2.020e+01              75.687          -2.429e+00             123.935           2.038e+01     
 130.000         180.000           -2.288e+00          -1.943e+01              68.636          -2.372e+00             124.135           1.879e+01     
 129.000         180.000           -2.216e+00          -1.862e+01              62.843          -2.317e+00             124.333           1.747e+01     
 128.000         180.000           -2.144e+00          -1.781e+01              58.109          -2.263e+00             124.528           1.634e+01     
 127.000         180.000           -2.071e+00          -1.703e+01              54.235          -2.211e+00             124.722           1.536e+01     
 126.000         180.000           -1.996e+00          -1.629e+01              51.048          -2.161e+00             124.913           1.450e+01     
 125.000         180.000           -1.921e+00          -1.558e+01              48.409          -2.112e+00             125.102           1.373e+01     
 124.000         180.000           -1.845e+00          -1.492e+01              46.209          -2.064e+00             125.288           1.304e+01     
 123.000         180.000           -1.769e+00          -1.431e+01              44.361          -2.018e+00             125.472           1.240e+01     
 122.000         180.000           -1.693e+00          -1.372e+01              42.800          -1.974e+00             125.653           1.183e+01     
 121.000         180.000           -1.616e+00          -1.318e+01              41.475          -1.930e+00             125.832           1.130e+01     
 120.000         180.000           -1.539e+00          -1.266e+01              40.346          -1.888e+00             126.009           1.080e+01     
 119.000         180.000           -1.462e+00          -1.218e+01              39.379          -1.847e+00             126.182           1.035e+01     
 118.000         180.000           -1.385e+00          -1.172e+01              38.550          -1.807e+00             126.353           9.924e+00     
 117.000         180.000           -1.308e+00          -1.129e+01              37.839          -1.768e+00             126.522           9.527e+00     
 116.000         180.000           -1.232e+00          -1.088e+01              37.227          -1.730e+00             126.687           9.154e+00     
 115.000         180.000           -1.155e+00          -1.050e+01              36.703          -1.693e+00             126.850           8.804e+00     
 114.000         180.000           -1.079e+00          -1.013e+01              36.254          -1.657e+00             127.011           8.474e+00     
 113.000         180.000           -1.004e+00          -9.780e+00              35.870          -1.621e+00             127.168           8.162e+00     
 112.000         180.000           -9.285e-01          -9.448e+00              35.545          -1.587e+00             127.322           7.867e+00     
 111.000         180.000           -8.538e-01          -9.131e+00              35.270          -1.553e+00             127.474           7.587e+00     
 110.000         180.000           -7.795e-01          -8.828e+00              35.041          -1.520e+00             127.622           7.321e+00     
 109.000         180.000           -7.058e-01          -8.539e+00              34.853          -1.487e+00             127.768           7.069e+00     
 108.000         180.000           -6.327e-01          -8.263e+00              34.701          -1.455e+00             127.911           6.828e+00     
 107.000         180.000           -5.601e-01          -7.998e+00              34.582          -1.424e+00             128.051           6.599e+00     
 106.000         180.000           -4.882e-01          -7.744e+00              34.492          -1.393e+00             128.187           6.380e+00     
 105.000         180.000           -4.168e-01          -7.500e+00              34.429          -1.363e+00             128.321           6.170e+00     
 104.000         180.000           -3.461e-01          -7.266e+00              34.389          -1.333e+00             128.452           5.970e+00     
 103.000         180.000           -2.760e-01          -7.041e+00              34.372          -1.303e+00             128.580           5.779e+00     
 102.000         180.000           -2.066e-01          -6.825e+00              34.375          -1.274e+00             128.704           5.595e+00     
 101.000         180.000           -1.378e-01          -6.617e+00              34.396          -1.245e+00             128.826           5.419e+00     
 100.000         180.000           -6.972e-02          -6.416e+00              34.434          -1.216e+00             128.944           5.250e+00     
  99.000         180.000           -2.263e-03          -6.223e+00              34.487          -1.187e+00             129.060           5.088e+00     
  98.000         180.000            6.453e-02          -6.036e+00              34.554          -1.159e+00             129.173           4.932e+00     
  97.000         180.000            1.307e-01          -5.856e+00              34.633          -1.130e+00             129.282           4.783e+00     
  96.000         180.000            1.962e-01          -5.682e+00              34.724          -1.102e+00             129.389           4.639e+00     
  95.000         180.000            2.610e-01          -5.513e+00              34.826          -1.074e+00             129.493           4.501e+00     
  94.000         180.000            3.251e-01          -5.351e+00              34.938          -1.045e+00             129.594           4.367e+00     
  93.000         180.000            3.887e-01          -5.193e+00              35.059          -1.017e+00             129.692           4.239e+00     
  92.000         180.000            4.516e-01          -5.041e+00              35.188          -9.891e-01             129.787           4.116e+00     
  91.000         180.000            5.138e-01          -4.894e+00              35.324          -9.608e-01             129.879           3.997e+00     
  90.000         180.000            5.754e-01          -4.751e+00              35.468          -9.325e-01             129.969           3.883e+00     
  89.000         180.000            6.363e-01          -4.613e+00              35.617          -9.040e-01             130.056           3.773e+00     
  88.000         180.000            6.967e-01          -4.479e+00              35.772          -8.755e-01             130.140           3.667e+00     
  87.000         180.000            7.564e-01          -4.349e+00              35.932          -8.468e-01             130.222           3.565e+00     
  86.000         180.000            8.155e-01          -4.222e+00              36.096          -8.180e-01             130.302           3.467e+00     
  85.000         180.000            8.739e-01          -4.100e+00              36.265          -7.890e-01             130.379           3.372e+00     
  84.000         180.000            9.317e-01          -3.981e+00              36.436          -7.599e-01             130.453           3.281e+00     
  83.000         180.000            9.889e-01          -3.866e+00              36.611          -7.306e-01             130.525           3.194e+00     
  82.000         180.000            1.045e+00          -3.754e+00              36.789          -7.012e-01             130.595           3.110e+00     
  81.000         180.000            1.101e+00          -3.646e+00              36.968          -6.715e-01             130.663           3.029e+00     
  80.000         180.000            1.157e+00          -3.540e+00              37.150          -6.417e-01             130.729           2.951e+00     
  79.000         180.000            1.211e+00          -3.438e+00              37.333          -6.117e-01             130.793           2.876e+00     
  78.000         180.000            1.265e+00          -3.339e+00              37.516          -5.815e-01             130.855           2.805e+00     
  77.000         180.000            1.319e+00          -3.242e+00              37.701          -5.512e-01             130.916           2.736e+00     
  76.000         180.000            1.371e+00          -3.149e+00              37.886          -5.206e-01             130.974           2.671e+00     
  75.000         180.000            1.423e+00          -3.058e+00              38.071          -4.900e-01             131.031           2.608e+00     
  74.000         180.000            1.475e+00          -2.970e+00              38.256          -4.592e-01             131.087           2.548e+00     
  73.000         180.000            1.526e+00          -2.884e+00              38.440          -4.283e-01             131.141           2.490e+00     
  72.000         180.000            1.575e+00          -2.801e+00              38.623          -3.972e-01             131.194           2.436e+00     
  71.000         180.000            1.625e+00          -2.720e+00              38.805          -3.661e-01             131.246           2.384e+00     
  70.000         180.000            1.673e+00          -2.642e+00              38.986          -3.349e-01             131.296           2.334e+00     
  69.000         180.000            1.721e+00          -2.566e+00              39.165          -3.037e-01             131.346           2.287e+00     
  68.000         180.000            1.768e+00          -2.493e+00              39.342          -2.724e-01             131.394           2.243e+00     
  67.000         180.000            1.814e+00          -2.422e+00              39.516          -2.411e-01             131.442           2.201e+00     
  66.000         180.000            1.860e+00          -2.353e+00              39.689          -2.099e-01             131.489           2.161e+00     
  65.000         180.000            1.904e+00          -2.287e+00              39.858          -1.787e-01             131.535           2.123e+00     
  64.000         180.000            1.948e+00          -2.222e+00              40.024          -1.477e-01             131.580           2.088e+00     
  63.000         180.000            1.991e+00          -2.160e+00              40.187          -1.167e-01             131.625           2.055e+00     
  62.000         180.000            2.033e+00          -2.100e+00              40.346          -8.595e-02             131.670           2.024e+00     
  61.000         180.000            2.074e+00          -2.042e+00              40.502          -5.537e-02             131.714           1.996e+00     
  60.000         180.000            2.114e+00          -1.987e+00              40.653          -2.503e-02             131.758           1.969e+00     
  59.000         180.000            2.153e+00          -1.933e+00              40.801           5.037e-03             131.802           1.944e+00     
  58.000         180.000            2.192e+00          -1.882e+00              40.943           3.478e-02             131.846           1.922e+00     
  57.000         180.000            2.229e+00          -1.833e+00              41.081           6.416e-02             131.889           1.901e+00     
  56.000         180.000            2.265e+00          -1.785e+00              41.214           9.314e-02             131.933           1.882e+00     
  55.000         180.000            2.300e+00          -1.740e+00              41.342           1.217e-01             131.977           1.865e+00     
  54.000         180.000            2.334e+00          -1.697e+00              41.465           1.497e-01             132.020           1.849e+00     
  53.000         180.000            2.367e+00          -1.656e+00              41.582           1.772e-01             132.064           1.835e+00     
  52.000         180.000            2.398e+00          -1.617e+00              41.693           2.041e-01             132.108           1.823e+00     
  51.000         180.000            2.429e+00          -1.581e+00              41.797           2.303e-01             132.152           1.812e+00     
  50.000         180.000            2.458e+00          -1.546e+00              41.896           2.559e-01             132.197           1.802e+00     
  49.000         180.000            2.486e+00          -1.513e+00              41.988           2.807e-01             132.242           1.794e+00     
  48.000         180.000            2.513e+00          -1.482e+00              42.073           3.048e-01             132.287           1.787e+00     
  47.000         180.000            2.538e+00          -1.454e+00              42.151           3.280e-01             132.332           1.782e+00     
  46.000         180.000            2.562e+00          -1.427e+00              42.222           3.503e-01             132.378           1.778e+00     
  45.000         180.000            2.585e+00          -1.403e+00              42.285           3.716e-01             132.425           1.775e+00     
  44.000         180.000            2.606e+00          -1.380e+00              42.341           3.920e-01             132.471           1.773e+00     
  43.000         180.000            2.626e+00          -1.360e+00              42.389           4.113e-01             132.518           1.772e+00     
  42.000         180.000            2.644e+00          -1.342e+00              42.429           4.295e-01             132.566           1.772e+00     
  41.000         180.000            2.660e+00          -1.326e+00              42.460           4.465e-01             132.614           1.772e+00     
  40.000         180.000            2.676e+00          -1.312e+00              42.483           4.623e-01             132.663           1.774e+00     
  39.000         180.000            2.689e+00          -1.300e+00              42.497           4.769e-01             132.711           1.777e+00     
  38.000         180.000            2.701e+00          -1.290e+00              42.501           4.901e-01             132.761           1.781e+00     
  37.000         180.000            2.711e+00          -1.282e+00              42.497           5.020e-01             132.810           1.785e+00     
  36.000         180.000            2.720e+00          -1.277e+00              42.482           5.125e-01             132.861           1.790e+00     
  35.000         180.000            2.727e+00          -1.273e+00              42.458           5.214e-01             132.911           1.796e+00     
  34.000         180.000            2.732e+00          -1.272e+00              42.424           5.288e-01             132.962           1.802e+00     
  33.000         180.000            2.735e+00          -1.272e+00              42.380           5.347e-01             133.013           1.809e+00     
  32.000         180.000            2.736e+00          -1.275e+00              42.325           5.389e-01             133.065           1.817e+00     
  31.000         180.000            2.736e+00          -1.280e+00              42.259           5.414e-01             133.117           1.826e+00     
  30.000         180.000            2.734e+00          -1.287e+00              42.182           5.421e-01             133.169           1.835e+00     
  29.000         180.000            2.729e+00          -1.296e+00              42.094           5.411e-01             133.221           1.845e+00     
  28.000         180.000            2.723e+00          -1.307e+00              41.995           5.382e-01             133.274           1.856e+00     
  27.000         180.000            2.715e+00          -1.321e+00              41.883           5.334e-01             133.327           1.867e+00     
  26.000         180.000            2.705e+00          -1.336e+00              41.759           5.266e-01             133.380           1.879e+00     
  25.000         180.000            2.693e+00          -1.353e+00              41.623           5.179e-01             133.433           1.892e+00     
  24.000         180.000            2.678e+00          -1.373e+00              41.475           5.071e-01             133.486           1.905e+00     
  23.000         180.000            2.662e+00          -1.395e+00              41.313           4.941e-01             133.539           1.919e+00     
  22.000         180.000            2.643e+00          -1.419e+00              41.138           4.791e-01             133.592           1.934e+00     
  21.000         180.000            2.623e+00          -1.445e+00              40.950           4.618e-01             133.645           1.950e+00     
  20.000         180.000            2.600e+00          -1.472e+00              40.748           4.422e-01             133.698           1.967e+00     
  19.000         180.000            2.575e+00          -1.502e+00              40.533           4.204e-01             133.751           1.985e+00     
  18.000         180.000            2.548e+00          -1.534e+00              40.303           3.961e-01             133.803           2.003e+00     
  17.000         180.000            2.518e+00          -1.568e+00              40.058           3.695e-01             133.856           2.023e+00     
  16.000         180.000            2.486e+00          -1.604e+00              39.799           3.405e-01             133.908           2.044e+00     
  15.000         180.000            2.452e+00          -1.642e+00              39.524           3.089e-01             133.960           2.066e+00     
  14.000         180.000            2.416e+00          -1.682e+00              39.234           2.748e-01             134.011           2.089e+00     
  13.000         180.000            2.377e+00          -1.724e+00              38.929           2.381e-01             134.062           2.114e+00     
  12.000         180.000            2.336e+00          -1.768e+00              38.608           1.987e-01             134.113           2.140e+00     
  11.000         180.000            2.293e+00          -1.814e+00              38.271           1.567e-01             134.163           2.167e+00     
  10.000         180.000            2.247e+00          -1.861e+00              37.917           1.119e-01             134.213           2.196e+00     
   9.000         180.000            2.199e+00          -1.911e+00              37.547           6.440e-02             134.262           2.227e+00     
   8.000         180.000            2.148e+00          -1.962e+00              37.160           1.403e-02             134.311           2.259e+00     
   7.000         180.000            2.095e+00          -2.014e+00              36.755          -3.920e-02             134.359           2.294e+00     
   6.000         180.000            2.039e+00          -2.069e+00              36.333          -9.535e-02             134.406           2.330e+00     
   5.000         180.000            1.981e+00          -2.125e+00              35.894          -1.545e-01             134.453           2.368e+00     
   4.000         180.000            1.921e+00          -2.183e+00              35.437          -2.166e-01             134.499           2.409e+00     
   3.000         180.000            1.858e+00          -2.242e+00              34.962          -2.818e-01             134.544           2.452e+00     
   2.000         180.000            1.793e+00          -2.303e+00              34.468          -3.500e-01             134.588           2.497e+00     
   1.000         180.000            1.725e+00          -2.366e+00              33.956          -4.214e-01             134.632           2.544e+00     

