#Parameters = {AirCoaxRadius=1.5; FeedXoffset=28; FeedYoffset=6.35; PatchWidth=34; ShortingPinXoffset=5.2; ShortingPinYoffset=6.35; Slot1Length=24.4; Slot1Width=1; Slot1Xoffset=42; Slot2Length=14.6; Slot2Width=3; f1=0.9075; f2=1.795}
farfield (f=0.9)
Theta [deg.]  Phi   [deg.]  Abs(Dir.)[dBi   ]   Abs(Theta)[dBi   ]  Phase(Theta)[deg.]  Abs(Phi  )[dBi   ]  Phase(Phi  )[deg.]  Ax.Ratio[dB    ]    
------------------------------------------------------------------------------------------------------------------------------------------------------
   0.000           0.000            2.454e+00          -1.710e+01             174.046           2.406e+00              40.817           2.230e+01     
   1.000           0.000            2.459e+00          -1.699e+01             171.947           2.409e+00              40.821           2.190e+01     
   2.000           0.000            2.464e+00          -1.687e+01             169.908           2.413e+00              40.825           2.152e+01     
   3.000           0.000            2.468e+00          -1.674e+01             167.930           2.415e+00              40.830           2.116e+01     
   4.000           0.000            2.471e+00          -1.661e+01             166.016           2.417e+00              40.835           2.082e+01     
   5.000           0.000            2.475e+00          -1.647e+01             164.166           2.419e+00              40.841           2.049e+01     
   6.000           0.000            2.477e+00          -1.633e+01             162.380           2.420e+00              40.847           2.017e+01     
   7.000           0.000            2.480e+00          -1.619e+01             160.658           2.420e+00              40.853           1.987e+01     
   8.000           0.000            2.481e+00          -1.604e+01             158.998           2.420e+00              40.860           1.958e+01     
   9.000           0.000            2.483e+00          -1.589e+01             157.401           2.419e+00              40.867           1.930e+01     
  10.000           0.000            2.483e+00          -1.574e+01             155.864           2.418e+00              40.874           1.904e+01     
  11.000           0.000            2.484e+00          -1.559e+01             154.387           2.416e+00              40.881           1.878e+01     
  12.000           0.000            2.484e+00          -1.544e+01             152.966           2.413e+00              40.888           1.853e+01     
  13.000           0.000            2.483e+00          -1.529e+01             151.602           2.410e+00              40.896           1.829e+01     
  14.000           0.000            2.482e+00          -1.514e+01             150.290           2.406e+00              40.903           1.807e+01     
  15.000           0.000            2.480e+00          -1.499e+01             149.030           2.402e+00              40.911           1.784e+01     
  16.000           0.000            2.478e+00          -1.484e+01             147.820           2.397e+00              40.919           1.763e+01     
  17.000           0.000            2.476e+00          -1.469e+01             146.657           2.391e+00              40.927           1.743e+01     
  18.000           0.000            2.473e+00          -1.454e+01             145.540           2.386e+00              40.935           1.723e+01     
  19.000           0.000            2.469e+00          -1.440e+01             144.466           2.379e+00              40.943           1.703e+01     
  20.000           0.000            2.465e+00          -1.426e+01             143.433           2.372e+00              40.951           1.685e+01     
  21.000           0.000            2.461e+00          -1.412e+01             142.441           2.365e+00              40.959           1.667e+01     
  22.000           0.000            2.456e+00          -1.399e+01             141.487           2.357e+00              40.968           1.650e+01     
  23.000           0.000            2.451e+00          -1.385e+01             140.569           2.348e+00              40.976           1.633e+01     
  24.000           0.000            2.445e+00          -1.372e+01             139.685           2.339e+00              40.984           1.617e+01     
  25.000           0.000            2.439e+00          -1.359e+01             138.835           2.329e+00              40.992           1.601e+01     
  26.000           0.000            2.433e+00          -1.347e+01             138.016           2.319e+00              41.000           1.586e+01     
  27.000           0.000            2.426e+00          -1.335e+01             137.228           2.309e+00              41.008           1.571e+01     
  28.000           0.000            2.418e+00          -1.323e+01             136.469           2.298e+00              41.016           1.557e+01     
  29.000           0.000            2.410e+00          -1.311e+01             135.737           2.287e+00              41.023           1.543e+01     
  30.000           0.000            2.402e+00          -1.300e+01             135.032           2.275e+00              41.031           1.530e+01     
  31.000           0.000            2.393e+00          -1.289e+01             134.352           2.263e+00              41.039           1.517e+01     
  32.000           0.000            2.384e+00          -1.279e+01             133.696           2.250e+00              41.046           1.505e+01     
  33.000           0.000            2.375e+00          -1.268e+01             133.064           2.237e+00              41.054           1.492e+01     
  34.000           0.000            2.365e+00          -1.258e+01             132.454           2.224e+00              41.061           1.481e+01     
  35.000           0.000            2.355e+00          -1.248e+01             131.866           2.210e+00              41.068           1.470e+01     
  36.000           0.000            2.345e+00          -1.239e+01             131.298           2.196e+00              41.075           1.459e+01     
  37.000           0.000            2.334e+00          -1.230e+01             130.749           2.182e+00              41.082           1.448e+01     
  38.000           0.000            2.323e+00          -1.221e+01             130.220           2.167e+00              41.089           1.438e+01     
  39.000           0.000            2.311e+00          -1.213e+01             129.710           2.152e+00              41.096           1.428e+01     
  40.000           0.000            2.299e+00          -1.205e+01             129.217           2.137e+00              41.102           1.419e+01     
  41.000           0.000            2.287e+00          -1.197e+01             128.741           2.121e+00              41.109           1.410e+01     
  42.000           0.000            2.275e+00          -1.189e+01             128.282           2.105e+00              41.115           1.401e+01     
  43.000           0.000            2.262e+00          -1.182e+01             127.839           2.089e+00              41.122           1.392e+01     
  44.000           0.000            2.249e+00          -1.175e+01             127.412           2.073e+00              41.128           1.384e+01     
  45.000           0.000            2.236e+00          -1.168e+01             126.999           2.056e+00              41.134           1.376e+01     
  46.000           0.000            2.222e+00          -1.162e+01             126.602           2.039e+00              41.140           1.369e+01     
  47.000           0.000            2.208e+00          -1.156e+01             126.218           2.022e+00              41.146           1.362e+01     
  48.000           0.000            2.194e+00          -1.150e+01             125.849           2.005e+00              41.152           1.355e+01     
  49.000           0.000            2.180e+00          -1.144e+01             125.493           1.987e+00              41.158           1.348e+01     
  50.000           0.000            2.166e+00          -1.139e+01             125.151           1.970e+00              41.164           1.341e+01     
  51.000           0.000            2.151e+00          -1.134e+01             124.821           1.952e+00              41.170           1.335e+01     
  52.000           0.000            2.136e+00          -1.130e+01             124.504           1.935e+00              41.176           1.329e+01     
  53.000           0.000            2.121e+00          -1.125e+01             124.200           1.917e+00              41.182           1.324e+01     
  54.000           0.000            2.106e+00          -1.121e+01             123.908           1.899e+00              41.188           1.318e+01     
  55.000           0.000            2.091e+00          -1.117e+01             123.628           1.881e+00              41.194           1.313e+01     
  56.000           0.000            2.075e+00          -1.113e+01             123.359           1.863e+00              41.200           1.309e+01     
  57.000           0.000            2.060e+00          -1.110e+01             123.103           1.845e+00              41.206           1.304e+01     
  58.000           0.000            2.044e+00          -1.107e+01             122.858           1.827e+00              41.213           1.300e+01     
  59.000           0.000            2.028e+00          -1.104e+01             122.624           1.809e+00              41.219           1.296e+01     
  60.000           0.000            2.013e+00          -1.101e+01             122.402           1.790e+00              41.226           1.292e+01     
  61.000           0.000            1.997e+00          -1.099e+01             122.191           1.772e+00              41.232           1.288e+01     
  62.000           0.000            1.981e+00          -1.097e+01             121.991           1.754e+00              41.239           1.285e+01     
  63.000           0.000            1.965e+00          -1.095e+01             121.802           1.737e+00              41.246           1.282e+01     
  64.000           0.000            1.948e+00          -1.093e+01             121.624           1.719e+00              41.254           1.279e+01     
  65.000           0.000            1.932e+00          -1.092e+01             121.457           1.701e+00              41.261           1.276e+01     
  66.000           0.000            1.916e+00          -1.090e+01             121.301           1.683e+00              41.269           1.273e+01     
  67.000           0.000            1.900e+00          -1.089e+01             121.155           1.666e+00              41.277           1.271e+01     
  68.000           0.000            1.884e+00          -1.089e+01             121.021           1.648e+00              41.286           1.269e+01     
  69.000           0.000            1.868e+00          -1.088e+01             120.898           1.631e+00              41.295           1.267e+01     
  70.000           0.000            1.852e+00          -1.088e+01             120.785           1.614e+00              41.304           1.266e+01     
  71.000           0.000            1.836e+00          -1.088e+01             120.684           1.597e+00              41.314           1.264e+01     
  72.000           0.000            1.820e+00          -1.088e+01             120.593           1.580e+00              41.324           1.263e+01     
  73.000           0.000            1.804e+00          -1.089e+01             120.514           1.564e+00              41.335           1.262e+01     
  74.000           0.000            1.789e+00          -1.089e+01             120.445           1.548e+00              41.346           1.262e+01     
  75.000           0.000            1.773e+00          -1.090e+01             120.388           1.532e+00              41.358           1.261e+01     
  76.000           0.000            1.757e+00          -1.091e+01             120.343           1.516e+00              41.370           1.261e+01     
  77.000           0.000            1.742e+00          -1.092e+01             120.308           1.500e+00              41.383           1.261e+01     
  78.000           0.000            1.727e+00          -1.094e+01             120.285           1.485e+00              41.396           1.261e+01     
  79.000           0.000            1.712e+00          -1.096e+01             120.274           1.470e+00              41.410           1.261e+01     
  80.000           0.000            1.697e+00          -1.098e+01             120.275           1.455e+00              41.425           1.262e+01     
  81.000           0.000            1.682e+00          -1.100e+01             120.288           1.441e+00              41.440           1.263e+01     
  82.000           0.000            1.667e+00          -1.102e+01             120.313           1.427e+00              41.456           1.263e+01     
  83.000           0.000            1.653e+00          -1.105e+01             120.350           1.413e+00              41.473           1.265e+01     
  84.000           0.000            1.639e+00          -1.108e+01             120.400           1.400e+00              41.491           1.266e+01     
  85.000           0.000            1.625e+00          -1.111e+01             120.462           1.387e+00              41.509           1.268e+01     
  86.000           0.000            1.611e+00          -1.114e+01             120.538           1.374e+00              41.529           1.269e+01     
  87.000           0.000            1.597e+00          -1.118e+01             120.626           1.362e+00              41.549           1.271e+01     
  88.000           0.000            1.584e+00          -1.121e+01             120.729           1.350e+00              41.570           1.274e+01     
  89.000           0.000            1.571e+00          -1.125e+01             120.844           1.338e+00              41.592           1.276e+01     
  90.000           0.000            1.558e+00          -1.129e+01             120.974           1.327e+00              41.614           1.279e+01     
  91.000           0.000            1.546e+00          -1.134e+01             121.118           1.316e+00              41.638           1.282e+01     
  92.000           0.000            1.534e+00          -1.138e+01             121.277           1.306e+00              41.662           1.285e+01     
  93.000           0.000            1.522e+00          -1.143e+01             121.451           1.296e+00              41.688           1.288e+01     
  94.000           0.000            1.510e+00          -1.148e+01             121.640           1.286e+00              41.715           1.292e+01     
  95.000           0.000            1.499e+00          -1.153e+01             121.845           1.277e+00              41.742           1.295e+01     
  96.000           0.000            1.488e+00          -1.159e+01             122.066           1.268e+00              41.771           1.299e+01     
  97.000           0.000            1.477e+00          -1.164e+01             122.304           1.260e+00              41.801           1.304e+01     
  98.000           0.000            1.467e+00          -1.170e+01             122.558           1.252e+00              41.832           1.308e+01     
  99.000           0.000            1.457e+00          -1.176e+01             122.830           1.244e+00              41.863           1.313e+01     
 100.000           0.000            1.447e+00          -1.182e+01             123.120           1.237e+00              41.896           1.317e+01     
 101.000           0.000            1.437e+00          -1.189e+01             123.428           1.231e+00              41.930           1.323e+01     
 102.000           0.000            1.428e+00          -1.196e+01             123.755           1.224e+00              41.966           1.328e+01     
 103.000           0.000            1.420e+00          -1.202e+01             124.101           1.219e+00              42.002           1.333e+01     
 104.000           0.000            1.411e+00          -1.210e+01             124.468           1.213e+00              42.039           1.339e+01     
 105.000           0.000            1.403e+00          -1.217e+01             124.855           1.208e+00              42.078           1.345e+01     
 106.000           0.000            1.396e+00          -1.224e+01             125.263           1.204e+00              42.117           1.352e+01     
 107.000           0.000            1.389e+00          -1.232e+01             125.694           1.200e+00              42.158           1.358e+01     
 108.000           0.000            1.382e+00          -1.240e+01             126.147           1.196e+00              42.200           1.365e+01     
 109.000           0.000            1.375e+00          -1.248e+01             126.623           1.193e+00              42.243           1.372e+01     
 110.000           0.000            1.369e+00          -1.256e+01             127.123           1.190e+00              42.287           1.379e+01     
 111.000           0.000            1.363e+00          -1.265e+01             127.649           1.187e+00              42.333           1.387e+01     
 112.000           0.000            1.358e+00          -1.274e+01             128.200           1.185e+00              42.379           1.395e+01     
 113.000           0.000            1.353e+00          -1.282e+01             128.777           1.183e+00              42.427           1.403e+01     
 114.000           0.000            1.348e+00          -1.291e+01             129.382           1.182e+00              42.475           1.411e+01     
 115.000           0.000            1.344e+00          -1.301e+01             130.015           1.181e+00              42.525           1.420e+01     
 116.000           0.000            1.340e+00          -1.310e+01             130.677           1.181e+00              42.576           1.429e+01     
 117.000           0.000            1.336e+00          -1.319e+01             131.370           1.181e+00              42.628           1.438e+01     
 118.000           0.000            1.333e+00          -1.329e+01             132.094           1.181e+00              42.681           1.447e+01     
 119.000           0.000            1.330e+00          -1.339e+01             132.850           1.181e+00              42.735           1.457e+01     
 120.000           0.000            1.328e+00          -1.349e+01             133.639           1.182e+00              42.790           1.467e+01     
 121.000           0.000            1.326e+00          -1.359e+01             134.462           1.184e+00              42.846           1.478e+01     
 122.000           0.000            1.324e+00          -1.369e+01             135.321           1.185e+00              42.903           1.488e+01     
 123.000           0.000            1.323e+00          -1.379e+01             136.216           1.187e+00              42.962           1.499e+01     
 124.000           0.000            1.322e+00          -1.389e+01             137.148           1.189e+00              43.021           1.511e+01     
 125.000           0.000            1.321e+00          -1.400e+01             138.119           1.192e+00              43.081           1.523e+01     
 126.000           0.000            1.321e+00          -1.410e+01             139.130           1.195e+00              43.142           1.535e+01     
 127.000           0.000            1.321e+00          -1.420e+01             140.181           1.198e+00              43.203           1.547e+01     
 128.000           0.000            1.322e+00          -1.431e+01             141.273           1.201e+00              43.266           1.560e+01     
 129.000           0.000            1.323e+00          -1.441e+01             142.408           1.205e+00              43.330           1.573e+01     
 130.000           0.000            1.324e+00          -1.451e+01             143.586           1.209e+00              43.394           1.587e+01     
 131.000           0.000            1.325e+00          -1.461e+01             144.808           1.213e+00              43.459           1.601e+01     
 132.000           0.000            1.327e+00          -1.471e+01             146.074           1.217e+00              43.525           1.615e+01     
 133.000           0.000            1.329e+00          -1.481e+01             147.386           1.222e+00              43.592           1.630e+01     
 134.000           0.000            1.331e+00          -1.490e+01             148.742           1.227e+00              43.659           1.645e+01     
 135.000           0.000            1.334e+00          -1.500e+01             150.145           1.232e+00              43.727           1.661e+01     
 136.000           0.000            1.337e+00          -1.509e+01             151.592           1.237e+00              43.795           1.677e+01     
 137.000           0.000            1.340e+00          -1.517e+01             153.085           1.242e+00              43.865           1.693e+01     
 138.000           0.000            1.344e+00          -1.525e+01             154.622           1.247e+00              43.934           1.710e+01     
 139.000           0.000            1.347e+00          -1.533e+01             156.203           1.253e+00              44.004           1.728e+01     
 140.000           0.000            1.351e+00          -1.540e+01             157.827           1.259e+00              44.075           1.746e+01     
 141.000           0.000            1.356e+00          -1.547e+01             159.491           1.265e+00              44.146           1.765e+01     
 142.000           0.000            1.360e+00          -1.553e+01             161.196           1.270e+00              44.218           1.784e+01     
 143.000           0.000            1.365e+00          -1.559e+01             162.937           1.276e+00              44.290           1.804e+01     
 144.000           0.000            1.370e+00          -1.564e+01             164.713           1.282e+00              44.362           1.824e+01     
 145.000           0.000            1.375e+00          -1.568e+01             166.522           1.288e+00              44.434           1.846e+01     
 146.000           0.000            1.380e+00          -1.571e+01             168.360           1.295e+00              44.507           1.867e+01     
 147.000           0.000            1.386e+00          -1.574e+01             170.223           1.301e+00              44.580           1.890e+01     
 148.000           0.000            1.391e+00          -1.575e+01             172.108           1.307e+00              44.653           1.913e+01     
 149.000           0.000            1.397e+00          -1.576e+01             174.011           1.313e+00              44.726           1.937e+01     
 150.000           0.000            1.403e+00          -1.576e+01             175.928           1.319e+00              44.799           1.962e+01     
 151.000           0.000            1.409e+00          -1.576e+01             177.854           1.325e+00              44.872           1.988e+01     
 152.000           0.000            1.416e+00          -1.574e+01             179.786           1.331e+00              44.945           2.014e+01     
 153.000           0.000            1.422e+00          -1.571e+01             181.719           1.337e+00              45.018           2.042e+01     
 154.000           0.000            1.428e+00          -1.568e+01             183.648           1.343e+00              45.091           2.071e+01     
 155.000           0.000            1.435e+00          -1.564e+01             185.569           1.349e+00              45.164           2.100e+01     
 156.000           0.000            1.442e+00          -1.559e+01             187.479           1.355e+00              45.237           2.131e+01     
 157.000           0.000            1.448e+00          -1.553e+01             189.373           1.360e+00              45.309           2.163e+01     
 158.000           0.000            1.455e+00          -1.546e+01             191.247           1.366e+00              45.382           2.197e+01     
 159.000           0.000            1.462e+00          -1.539e+01             193.099           1.371e+00              45.453           2.232e+01     
 160.000           0.000            1.469e+00          -1.531e+01             194.924           1.376e+00              45.525           2.268e+01     
 161.000           0.000            1.475e+00          -1.522e+01             196.721           1.381e+00              45.596           2.307e+01     
 162.000           0.000            1.482e+00          -1.512e+01             198.486           1.386e+00              45.667           2.347e+01     
 163.000           0.000            1.489e+00          -1.502e+01             200.218           1.391e+00              45.737           2.389e+01     
 164.000           0.000            1.496e+00          -1.492e+01             201.915           1.396e+00              45.806           2.433e+01     
 165.000           0.000            1.503e+00          -1.481e+01             203.575           1.400e+00              45.875           2.480e+01     
 166.000           0.000            1.509e+00          -1.469e+01             205.196           1.404e+00              45.944           2.530e+01     
 167.000           0.000            1.516e+00          -1.458e+01             206.780           1.408e+00              46.012           2.582e+01     
 168.000           0.000            1.523e+00          -1.445e+01             208.323           1.411e+00              46.079           2.638e+01     
 169.000           0.000            1.529e+00          -1.433e+01             209.828           1.415e+00              46.145           2.698e+01     
 170.000           0.000            1.535e+00          -1.420e+01             211.292           1.418e+00              46.211           2.763e+01     
 171.000           0.000            1.542e+00          -1.407e+01             212.717           1.421e+00              46.275           2.832e+01     
 172.000           0.000            1.548e+00          -1.394e+01             214.102           1.424e+00              46.339           2.908e+01     
 173.000           0.000            1.554e+00          -1.381e+01             215.449           1.426e+00              46.402           2.991e+01     
 174.000           0.000            1.560e+00          -1.368e+01             216.758           1.428e+00              46.464           3.083e+01     
 175.000           0.000            1.566e+00          -1.355e+01             218.028           1.430e+00              46.525           3.185e+01     
 176.000           0.000            1.571e+00          -1.342e+01             219.263           1.431e+00              46.585           3.301e+01     
 177.000           0.000            1.577e+00          -1.328e+01             220.461           1.432e+00              46.644           3.435e+01     
 178.000           0.000            1.582e+00          -1.315e+01             221.624           1.433e+00              46.702           3.594e+01     
 179.000           0.000            1.587e+00          -1.302e+01             222.753           1.434e+00              46.759           3.787e+01     
 180.000           0.000            1.592e+00          -1.289e+01             223.849           1.434e+00              46.815           4.000e+01     
 179.000         180.000            1.597e+00          -1.275e+01              44.914           1.434e+00             226.869           4.000e+01     
 178.000         180.000            1.601e+00          -1.263e+01              45.947           1.434e+00             226.922           4.000e+01     
 177.000         180.000            1.605e+00          -1.250e+01              46.951           1.433e+00             226.974           4.000e+01     
 176.000         180.000            1.609e+00          -1.237e+01              47.926           1.432e+00             227.025           4.000e+01     
 175.000         180.000            1.613e+00          -1.225e+01              48.873           1.431e+00             227.074           4.000e+01     
 174.000         180.000            1.617e+00          -1.212e+01              49.793           1.429e+00             227.122           4.000e+01     
 173.000         180.000            1.620e+00          -1.200e+01              50.687           1.427e+00             227.168           3.805e+01     
 172.000         180.000            1.623e+00          -1.188e+01              51.557           1.425e+00             227.213           3.611e+01     
 171.000         180.000            1.626e+00          -1.176e+01              52.402           1.422e+00             227.257           3.454e+01     
 170.000         180.000            1.628e+00          -1.165e+01              53.225           1.419e+00             227.299           3.320e+01     
 169.000         180.000            1.631e+00          -1.153e+01              54.025           1.416e+00             227.340           3.205e+01     
 168.000         180.000            1.633e+00          -1.142e+01              54.805           1.412e+00             227.379           3.104e+01     
 167.000         180.000            1.634e+00          -1.131e+01              55.563           1.408e+00             227.416           3.014e+01     
 166.000         180.000            1.636e+00          -1.121e+01              56.302           1.404e+00             227.452           2.932e+01     
 165.000         180.000            1.637e+00          -1.110e+01              57.023           1.400e+00             227.486           2.858e+01     
 164.000         180.000            1.638e+00          -1.100e+01              57.725           1.395e+00             227.518           2.790e+01     
 163.000         180.000            1.639e+00          -1.090e+01              58.409           1.389e+00             227.549           2.727e+01     
 162.000         180.000            1.639e+00          -1.080e+01              59.077           1.384e+00             227.578           2.668e+01     
 161.000         180.000            1.639e+00          -1.071e+01              59.728           1.378e+00             227.605           2.614e+01     
 160.000         180.000            1.639e+00          -1.061e+01              60.364           1.372e+00             227.631           2.563e+01     
 159.000         180.000            1.638e+00          -1.052e+01              60.985           1.366e+00             227.654           2.515e+01     
 158.000         180.000            1.637e+00          -1.043e+01              61.591           1.359e+00             227.676           2.470e+01     
 157.000         180.000            1.636e+00          -1.035e+01              62.183           1.352e+00             227.696           2.427e+01     
 156.000         180.000            1.635e+00          -1.026e+01              62.762           1.345e+00             227.714           2.387e+01     
 155.000         180.000            1.633e+00          -1.018e+01              63.328           1.338e+00             227.731           2.348e+01     
 154.000         180.000            1.631e+00          -1.010e+01              63.881           1.330e+00             227.745           2.312e+01     
 153.000         180.000            1.629e+00          -1.003e+01              64.422           1.322e+00             227.757           2.277e+01     
 152.000         180.000            1.627e+00          -9.952e+00              64.951           1.314e+00             227.768           2.243e+01     
 151.000         180.000            1.624e+00          -9.881e+00              65.469           1.306e+00             227.776           2.212e+01     
 150.000         180.000            1.621e+00          -9.811e+00              65.976           1.297e+00             227.783           2.181e+01     
 149.000         180.000            1.618e+00          -9.744e+00              66.472           1.288e+00             227.787           2.152e+01     
 148.000         180.000            1.614e+00          -9.679e+00              66.958           1.279e+00             227.790           2.124e+01     
 147.000         180.000            1.611e+00          -9.616e+00              67.433           1.270e+00             227.790           2.097e+01     
 146.000         180.000            1.607e+00          -9.555e+00              67.899           1.261e+00             227.789           2.071e+01     
 145.000         180.000            1.603e+00          -9.497e+00              68.356           1.252e+00             227.785           2.046e+01     
 144.000         180.000            1.598e+00          -9.441e+00              68.803           1.242e+00             227.779           2.022e+01     
 143.000         180.000            1.594e+00          -9.387e+00              69.241           1.233e+00             227.772           1.999e+01     
 142.000         180.000            1.589e+00          -9.336e+00              69.670           1.223e+00             227.762           1.976e+01     
 141.000         180.000            1.584e+00          -9.286e+00              70.090           1.213e+00             227.750           1.955e+01     
 140.000         180.000            1.579e+00          -9.239e+00              70.503           1.203e+00             227.736           1.934e+01     
 139.000         180.000            1.574e+00          -9.193e+00              70.906           1.194e+00             227.720           1.914e+01     
 138.000         180.000            1.568e+00          -9.150e+00              71.302           1.184e+00             227.702           1.894e+01     
 137.000         180.000            1.563e+00          -9.109e+00              71.690           1.174e+00             227.682           1.876e+01     
 136.000         180.000            1.557e+00          -9.070e+00              72.070           1.164e+00             227.659           1.858e+01     
 135.000         180.000            1.551e+00          -9.033e+00              72.443           1.154e+00             227.635           1.840e+01     
 134.000         180.000            1.545e+00          -8.998e+00              72.808           1.144e+00             227.609           1.823e+01     
 133.000         180.000            1.539e+00          -8.965e+00              73.165           1.134e+00             227.580           1.807e+01     
 132.000         180.000            1.533e+00          -8.933e+00              73.515           1.124e+00             227.550           1.791e+01     
 131.000         180.000            1.527e+00          -8.904e+00              73.858           1.115e+00             227.517           1.776e+01     
 130.000         180.000            1.521e+00          -8.877e+00              74.194           1.105e+00             227.482           1.761e+01     
 129.000         180.000            1.514e+00          -8.852e+00              74.523           1.095e+00             227.446           1.747e+01     
 128.000         180.000            1.508e+00          -8.828e+00              74.845           1.086e+00             227.407           1.733e+01     
 127.000         180.000            1.502e+00          -8.807e+00              75.159           1.077e+00             227.366           1.720e+01     
 126.000         180.000            1.495e+00          -8.787e+00              75.467           1.068e+00             227.324           1.707e+01     
 125.000         180.000            1.489e+00          -8.769e+00              75.769           1.059e+00             227.279           1.694e+01     
 124.000         180.000            1.482e+00          -8.753e+00              76.063           1.050e+00             227.233           1.682e+01     
 123.000         180.000            1.476e+00          -8.739e+00              76.351           1.042e+00             227.184           1.671e+01     
 122.000         180.000            1.470e+00          -8.727e+00              76.631           1.034e+00             227.134           1.660e+01     
 121.000         180.000            1.464e+00          -8.716e+00              76.906           1.026e+00             227.082           1.649e+01     
 120.000         180.000            1.458e+00          -8.707e+00              77.173           1.018e+00             227.028           1.639e+01     
 119.000         180.000            1.452e+00          -8.700e+00              77.434           1.011e+00             226.972           1.629e+01     
 118.000         180.000            1.446e+00          -8.695e+00              77.688           1.003e+00             226.914           1.620e+01     
 117.000         180.000            1.440e+00          -8.691e+00              77.935           9.967e-01             226.855           1.611e+01     
 116.000         180.000            1.434e+00          -8.689e+00              78.176           9.902e-01             226.794           1.602e+01     
 115.000         180.000            1.429e+00          -8.689e+00              78.410           9.841e-01             226.731           1.594e+01     
 114.000         180.000            1.423e+00          -8.690e+00              78.637           9.783e-01             226.667           1.586e+01     
 113.000         180.000            1.418e+00          -8.693e+00              78.858           9.730e-01             226.601           1.578e+01     
 112.000         180.000            1.413e+00          -8.698e+00              79.071           9.680e-01             226.534           1.571e+01     
 111.000         180.000            1.409e+00          -8.704e+00              79.278           9.634e-01             226.465           1.565e+01     
 110.000         180.000            1.404e+00          -8.712e+00              79.478           9.593e-01             226.395           1.558e+01     
 109.000         180.000            1.400e+00          -8.722e+00              79.671           9.556e-01             226.323           1.552e+01     
 108.000         180.000            1.396e+00          -8.733e+00              79.857           9.523e-01             226.250           1.547e+01     
 107.000         180.000            1.392e+00          -8.746e+00              80.037           9.495e-01             226.176           1.541e+01     
 106.000         180.000            1.389e+00          -8.761e+00              80.209           9.472e-01             226.100           1.537e+01     
 105.000         180.000            1.385e+00          -8.777e+00              80.374           9.454e-01             226.024           1.532e+01     
 104.000         180.000            1.382e+00          -8.795e+00              80.531           9.440e-01             225.946           1.528e+01     
 103.000         180.000            1.380e+00          -8.814e+00              80.682           9.432e-01             225.867           1.524e+01     
 102.000         180.000            1.377e+00          -8.835e+00              80.825           9.428e-01             225.787           1.521e+01     
 101.000         180.000            1.375e+00          -8.857e+00              80.961           9.430e-01             225.706           1.518e+01     
 100.000         180.000            1.374e+00          -8.882e+00              81.089           9.437e-01             225.624           1.515e+01     
  99.000         180.000            1.373e+00          -8.907e+00              81.210           9.450e-01             225.542           1.513e+01     
  98.000         180.000            1.372e+00          -8.935e+00              81.323           9.468e-01             225.458           1.511e+01     
  97.000         180.000            1.371e+00          -8.964e+00              81.428           9.491e-01             225.374           1.510e+01     
  96.000         180.000            1.371e+00          -8.994e+00              81.525           9.520e-01             225.290           1.509e+01     
  95.000         180.000            1.371e+00          -9.026e+00              81.615           9.555e-01             225.205           1.508e+01     
  94.000         180.000            1.372e+00          -9.060e+00              81.696           9.595e-01             225.119           1.507e+01     
  93.000         180.000            1.373e+00          -9.095e+00              81.769           9.641e-01             225.033           1.507e+01     
  92.000         180.000            1.374e+00          -9.132e+00              81.834           9.693e-01             224.946           1.508e+01     
  91.000         180.000            1.376e+00          -9.171e+00              81.890           9.750e-01             224.860           1.509e+01     
  90.000         180.000            1.378e+00          -9.211e+00              81.938           9.813e-01             224.773           1.510e+01     
  89.000         180.000            1.381e+00          -9.253e+00              81.978           9.882e-01             224.685           1.512e+01     
  88.000         180.000            1.384e+00          -9.297e+00              82.008           9.957e-01             224.598           1.514e+01     
  87.000         180.000            1.387e+00          -9.342e+00              82.029           1.004e+00             224.511           1.516e+01     
  86.000         180.000            1.391e+00          -9.389e+00              82.041           1.012e+00             224.423           1.519e+01     
  85.000         180.000            1.396e+00          -9.437e+00              82.044           1.021e+00             224.336           1.522e+01     
  84.000         180.000            1.400e+00          -9.488e+00              82.037           1.031e+00             224.249           1.526e+01     
  83.000         180.000            1.406e+00          -9.540e+00              82.021           1.041e+00             224.162           1.530e+01     
  82.000         180.000            1.411e+00          -9.594e+00              81.994           1.052e+00             224.076           1.534e+01     
  81.000         180.000            1.417e+00          -9.649e+00              81.958           1.064e+00             223.990           1.539e+01     
  80.000         180.000            1.424e+00          -9.706e+00              81.911           1.075e+00             223.904           1.545e+01     
  79.000         180.000            1.431e+00          -9.766e+00              81.854           1.088e+00             223.819           1.550e+01     
  78.000         180.000            1.438e+00          -9.826e+00              81.787           1.101e+00             223.734           1.557e+01     
  77.000         180.000            1.446e+00          -9.889e+00              81.708           1.114e+00             223.650           1.563e+01     
  76.000         180.000            1.454e+00          -9.954e+00              81.619           1.128e+00             223.566           1.571e+01     
  75.000         180.000            1.463e+00          -1.002e+01              81.517           1.143e+00             223.483           1.578e+01     
  74.000         180.000            1.472e+00          -1.009e+01              81.405           1.158e+00             223.401           1.587e+01     
  73.000         180.000            1.481e+00          -1.016e+01              81.280           1.173e+00             223.320           1.595e+01     
  72.000         180.000            1.491e+00          -1.023e+01              81.143           1.189e+00             223.240           1.604e+01     
  71.000         180.000            1.501e+00          -1.031e+01              80.993           1.205e+00             223.160           1.614e+01     
  70.000         180.000            1.512e+00          -1.038e+01              80.831           1.222e+00             223.082           1.624e+01     
  69.000         180.000            1.523e+00          -1.046e+01              80.656           1.239e+00             223.004           1.635e+01     
  68.000         180.000            1.534e+00          -1.054e+01              80.466           1.256e+00             222.928           1.646e+01     
  67.000         180.000            1.546e+00          -1.062e+01              80.263           1.274e+00             222.852           1.658e+01     
  66.000         180.000            1.558e+00          -1.071e+01              80.046           1.293e+00             222.778           1.671e+01     
  65.000         180.000            1.571e+00          -1.080e+01              79.814           1.311e+00             222.705           1.684e+01     
  64.000         180.000            1.583e+00          -1.088e+01              79.566           1.330e+00             222.633           1.697e+01     
  63.000         180.000            1.596e+00          -1.098e+01              79.303           1.349e+00             222.563           1.712e+01     
  62.000         180.000            1.610e+00          -1.107e+01              79.024           1.369e+00             222.493           1.726e+01     
  61.000         180.000            1.624e+00          -1.117e+01              78.728           1.389e+00             222.425           1.742e+01     
  60.000         180.000            1.637e+00          -1.126e+01              78.415           1.409e+00             222.358           1.758e+01     
  59.000         180.000            1.652e+00          -1.136e+01              78.084           1.429e+00             222.293           1.775e+01     
  58.000         180.000            1.666e+00          -1.147e+01              77.735           1.450e+00             222.229           1.793e+01     
  57.000         180.000            1.681e+00          -1.157e+01              77.367           1.471e+00             222.167           1.812e+01     
  56.000         180.000            1.696e+00          -1.168e+01              76.978           1.492e+00             222.105           1.831e+01     
  55.000         180.000            1.711e+00          -1.179e+01              76.570           1.513e+00             222.046           1.851e+01     
  54.000         180.000            1.727e+00          -1.190e+01              76.140           1.534e+00             221.987           1.872e+01     
  53.000         180.000            1.742e+00          -1.202e+01              75.688           1.556e+00             221.931           1.894e+01     
  52.000         180.000            1.758e+00          -1.214e+01              75.213           1.577e+00             221.875           1.917e+01     
  51.000         180.000            1.774e+00          -1.226e+01              74.715           1.599e+00             221.822           1.941e+01     
  50.000         180.000            1.790e+00          -1.238e+01              74.192           1.620e+00             221.769           1.966e+01     
  49.000         180.000            1.806e+00          -1.251e+01              73.643           1.642e+00             221.718           1.992e+01     
  48.000         180.000            1.822e+00          -1.263e+01              73.067           1.664e+00             221.669           2.020e+01     
  47.000         180.000            1.839e+00          -1.276e+01              72.463           1.686e+00             221.621           2.048e+01     
  46.000         180.000            1.855e+00          -1.290e+01              71.830           1.708e+00             221.575           2.078e+01     
  45.000         180.000            1.872e+00          -1.303e+01              71.166           1.729e+00             221.530           2.110e+01     
  44.000         180.000            1.889e+00          -1.317e+01              70.471           1.751e+00             221.487           2.143e+01     
  43.000         180.000            1.905e+00          -1.331e+01              69.743           1.773e+00             221.445           2.178e+01     
  42.000         180.000            1.922e+00          -1.346e+01              68.980           1.794e+00             221.405           2.214e+01     
  41.000         180.000            1.939e+00          -1.360e+01              68.181           1.816e+00             221.366           2.253e+01     
  40.000         180.000            1.955e+00          -1.375e+01              67.344           1.837e+00             221.329           2.294e+01     
  39.000         180.000            1.972e+00          -1.390e+01              66.467           1.858e+00             221.293           2.337e+01     
  38.000         180.000            1.989e+00          -1.405e+01              65.550           1.879e+00             221.259           2.383e+01     
  37.000         180.000            2.005e+00          -1.421e+01              64.589           1.900e+00             221.226           2.432e+01     
  36.000         180.000            2.022e+00          -1.436e+01              63.584           1.921e+00             221.194           2.484e+01     
  35.000         180.000            2.038e+00          -1.452e+01              62.532           1.941e+00             221.164           2.540e+01     
  34.000         180.000            2.054e+00          -1.468e+01              61.430           1.961e+00             221.135           2.600e+01     
  33.000         180.000            2.071e+00          -1.484e+01              60.278           1.981e+00             221.108           2.665e+01     
  32.000         180.000            2.087e+00          -1.500e+01              59.074           2.001e+00             221.082           2.736e+01     
  31.000         180.000            2.103e+00          -1.516e+01              57.814           2.020e+00             221.057           2.814e+01     
  30.000         180.000            2.118e+00          -1.532e+01              56.497           2.039e+00             221.034           2.899e+01     
  29.000         180.000            2.134e+00          -1.549e+01              55.121           2.058e+00             221.012           2.995e+01     
  28.000         180.000            2.149e+00          -1.565e+01              53.685           2.076e+00             220.991           3.102e+01     
  27.000         180.000            2.164e+00          -1.581e+01              52.186           2.095e+00             220.972           3.226e+01     
  26.000         180.000            2.179e+00          -1.596e+01              50.624           2.112e+00             220.953           3.370e+01     
  25.000         180.000            2.194e+00          -1.612e+01              48.996           2.130e+00             220.936           3.544e+01     
  24.000         180.000            2.209e+00          -1.627e+01              47.301           2.146e+00             220.920           3.762e+01     
  23.000         180.000            2.223e+00          -1.642e+01              45.540           2.163e+00             220.906           4.000e+01     
  22.000         180.000            2.237e+00          -1.656e+01              43.712           2.179e+00             220.892           4.000e+01     
  21.000         180.000            2.250e+00          -1.670e+01              41.817           2.195e+00             220.879           4.000e+01     
  20.000         180.000            2.264e+00          -1.683e+01              39.856           2.210e+00             220.868           4.000e+01     
  19.000         180.000            2.277e+00          -1.695e+01              37.830           2.225e+00             220.857           4.000e+01     
  18.000         180.000            2.290e+00          -1.707e+01              35.743           2.239e+00             220.848           4.000e+01     
  17.000         180.000            2.302e+00          -1.718e+01              33.596           2.253e+00             220.839           3.751e+01     
  16.000         180.000            2.314e+00          -1.727e+01              31.394           2.266e+00             220.832           3.534e+01     
  15.000         180.000            2.326e+00          -1.736e+01              29.142           2.279e+00             220.825           3.360e+01     
  14.000         180.000            2.337e+00          -1.744e+01              26.844           2.291e+00             220.820           3.215e+01     
  13.000         180.000            2.348e+00          -1.750e+01              24.507           2.303e+00             220.815           3.092e+01     
  12.000         180.000            2.359e+00          -1.755e+01              22.138           2.314e+00             220.811           2.983e+01     
  11.000         180.000            2.369e+00          -1.758e+01              19.744           2.325e+00             220.808           2.887e+01     
  10.000         180.000            2.379e+00          -1.761e+01              17.333           2.335e+00             220.805           2.801e+01     
   9.000         180.000            2.388e+00          -1.761e+01              14.913           2.345e+00             220.803           2.723e+01     
   8.000         180.000            2.397e+00          -1.761e+01              12.493           2.354e+00             220.802           2.651e+01     
   7.000         180.000            2.406e+00          -1.759e+01              10.081           2.362e+00             220.802           2.585e+01     
   6.000         180.000            2.414e+00          -1.755e+01               7.686           2.370e+00             220.802           2.524e+01     
   5.000         180.000            2.422e+00          -1.751e+01               5.314           2.377e+00             220.803           2.467e+01     
   4.000         180.000            2.429e+00          -1.745e+01               2.973           2.384e+00             220.805           2.414e+01     
   3.000         180.000            2.436e+00          -1.738e+01               0.671           2.390e+00             220.807           2.364e+01     
   2.000         180.000            2.442e+00          -1.729e+01             358.412           2.396e+00             220.810           2.316e+01     
   1.000         180.000            2.448e+00          -1.720e+01             356.203           2.401e+00             220.813           2.272e+01     

