#Parameters = {AirCoaxRadius=1.5; FeedXoffset=28; FeedYoffset=6.35; PatchWidth=34; ShortingPinXoffset=5.2; ShortingPinYoffset=6.35; Slot1Length=24.4; Slot1Width=1; Slot1Xoffset=42; Slot2Length=14.6; Slot2Width=3; f1=0.9075; f2=1.795}
farfield (f=1.8)
Theta [deg.]  Phi   [deg.]  Abs(Dir.)[dBi   ]   Abs(Theta)[dBi   ]  Phase(Theta)[deg.]  Abs(Phi  )[dBi   ]  Phase(Phi  )[deg.]  Ax.Ratio[dB    ]    
------------------------------------------------------------------------------------------------------------------------------------------------------
   0.000          90.000            1.654e+00          -4.960e-01             314.675          -2.430e+00              33.426           2.595e+00     
   1.000          90.000            1.770e+00          -3.234e-01             314.484          -2.404e+00              31.034           2.940e+00     
   2.000          90.000            1.886e+00          -1.563e-01             314.318          -2.373e+00              28.667           3.288e+00     
   3.000          90.000            2.001e+00           5.322e-03             314.173          -2.335e+00              26.328           3.636e+00     
   4.000          90.000            2.116e+00           1.613e-01             314.049          -2.291e+00              24.022           3.985e+00     
   5.000          90.000            2.230e+00           3.118e-01             313.944          -2.243e+00              21.753           4.333e+00     
   6.000          90.000            2.342e+00           4.566e-01             313.857          -2.190e+00              19.524           4.682e+00     
   7.000          90.000            2.453e+00           5.960e-01             313.786          -2.133e+00              17.337           5.031e+00     
   8.000          90.000            2.561e+00           7.297e-01             313.730          -2.072e+00              15.195           5.380e+00     
   9.000          90.000            2.667e+00           8.580e-01             313.687          -2.008e+00              13.100           5.728e+00     
  10.000          90.000            2.771e+00           9.808e-01             313.657          -1.943e+00              11.053           6.077e+00     
  11.000          90.000            2.871e+00           1.098e+00             313.638          -1.875e+00               9.056           6.427e+00     
  12.000          90.000            2.969e+00           1.210e+00             313.629          -1.806e+00               7.109           6.777e+00     
  13.000          90.000            3.063e+00           1.317e+00             313.629          -1.737e+00               5.213           7.127e+00     
  14.000          90.000            3.154e+00           1.418e+00             313.638          -1.667e+00               3.367           7.479e+00     
  15.000          90.000            3.241e+00           1.514e+00             313.654          -1.597e+00               1.572           7.831e+00     
  16.000          90.000            3.325e+00           1.604e+00             313.676          -1.528e+00             359.827           8.185e+00     
  17.000          90.000            3.404e+00           1.689e+00             313.704          -1.460e+00             358.132           8.540e+00     
  18.000          90.000            3.480e+00           1.770e+00             313.737          -1.394e+00             356.486           8.896e+00     
  19.000          90.000            3.552e+00           1.844e+00             313.774          -1.329e+00             354.887           9.255e+00     
  20.000          90.000            3.619e+00           1.914e+00             313.814          -1.267e+00             353.336           9.615e+00     
  21.000          90.000            3.682e+00           1.979e+00             313.856          -1.206e+00             351.831           9.978e+00     
  22.000          90.000            3.741e+00           2.038e+00             313.901          -1.148e+00             350.370           1.034e+01     
  23.000          90.000            3.796e+00           2.093e+00             313.947          -1.093e+00             348.953           1.071e+01     
  24.000          90.000            3.846e+00           2.143e+00             313.994          -1.041e+00             347.579           1.108e+01     
  25.000          90.000            3.893e+00           2.187e+00             314.042          -9.923e-01             346.245           1.146e+01     
  26.000          90.000            3.934e+00           2.227e+00             314.089          -9.465e-01             344.952           1.183e+01     
  27.000          90.000            3.972e+00           2.262e+00             314.135          -9.040e-01             343.698           1.222e+01     
  28.000          90.000            4.005e+00           2.292e+00             314.180          -8.648e-01             342.481           1.260e+01     
  29.000          90.000            4.033e+00           2.317e+00             314.223          -8.291e-01             341.301           1.299e+01     
  30.000          90.000            4.058e+00           2.338e+00             314.264          -7.968e-01             340.156           1.338e+01     
  31.000          90.000            4.078e+00           2.353e+00             314.303          -7.680e-01             339.045           1.378e+01     
  32.000          90.000            4.093e+00           2.364e+00             314.339          -7.427e-01             337.967           1.418e+01     
  33.000          90.000            4.105e+00           2.371e+00             314.371          -7.208e-01             336.922           1.459e+01     
  34.000          90.000            4.112e+00           2.372e+00             314.401          -7.023e-01             335.908           1.500e+01     
  35.000          90.000            4.115e+00           2.370e+00             314.426          -6.872e-01             334.924           1.542e+01     
  36.000          90.000            4.114e+00           2.362e+00             314.447          -6.755e-01             333.969           1.584e+01     
  37.000          90.000            4.109e+00           2.350e+00             314.463          -6.670e-01             333.043           1.627e+01     
  38.000          90.000            4.100e+00           2.334e+00             314.475          -6.617e-01             332.144           1.670e+01     
  39.000          90.000            4.086e+00           2.313e+00             314.482          -6.595e-01             331.273           1.714e+01     
  40.000          90.000            4.069e+00           2.288e+00             314.484          -6.603e-01             330.427           1.758e+01     
  41.000          90.000            4.048e+00           2.258e+00             314.481          -6.641e-01             329.607           1.804e+01     
  42.000          90.000            4.024e+00           2.224e+00             314.472          -6.707e-01             328.812           1.849e+01     
  43.000          90.000            3.995e+00           2.185e+00             314.457          -6.799e-01             328.041           1.896e+01     
  44.000          90.000            3.963e+00           2.142e+00             314.436          -6.916e-01             327.293           1.943e+01     
  45.000          90.000            3.927e+00           2.095e+00             314.409          -7.058e-01             326.569           1.991e+01     
  46.000          90.000            3.888e+00           2.044e+00             314.377          -7.223e-01             325.867           2.039e+01     
  47.000          90.000            3.845e+00           1.988e+00             314.338          -7.410e-01             325.187           2.088e+01     
  48.000          90.000            3.798e+00           1.928e+00             314.292          -7.617e-01             324.528           2.137e+01     
  49.000          90.000            3.749e+00           1.864e+00             314.240          -7.843e-01             323.891           2.187e+01     
  50.000          90.000            3.696e+00           1.795e+00             314.182          -8.087e-01             323.275           2.238e+01     
  51.000          90.000            3.640e+00           1.723e+00             314.117          -8.347e-01             322.679           2.289e+01     
  52.000          90.000            3.581e+00           1.646e+00             314.046          -8.621e-01             322.103           2.341e+01     
  53.000          90.000            3.519e+00           1.565e+00             313.967          -8.909e-01             321.546           2.392e+01     
  54.000          90.000            3.454e+00           1.480e+00             313.882          -9.208e-01             321.009           2.444e+01     
  55.000          90.000            3.386e+00           1.390e+00             313.791          -9.517e-01             320.491           2.497e+01     
  56.000          90.000            3.315e+00           1.297e+00             313.692          -9.835e-01             319.991           2.549e+01     
  57.000          90.000            3.242e+00           1.199e+00             313.587          -1.016e+00             319.510           2.601e+01     
  58.000          90.000            3.166e+00           1.097e+00             313.476          -1.049e+00             319.047           2.652e+01     
  59.000          90.000            3.087e+00           9.909e-01             313.357          -1.083e+00             318.602           2.703e+01     
  60.000          90.000            3.006e+00           8.804e-01             313.232          -1.116e+00             318.175           2.753e+01     
  61.000          90.000            2.923e+00           7.657e-01             313.100          -1.150e+00             317.765           2.801e+01     
  62.000          90.000            2.837e+00           6.467e-01             312.962          -1.184e+00             317.373           2.848e+01     
  63.000          90.000            2.750e+00           5.233e-01             312.817          -1.218e+00             316.997           2.893e+01     
  64.000          90.000            2.660e+00           3.956e-01             312.665          -1.251e+00             316.639           2.935e+01     
  65.000          90.000            2.569e+00           2.634e-01             312.508          -1.284e+00             316.297           2.975e+01     
  66.000          90.000            2.475e+00           1.268e-01             312.343          -1.316e+00             315.972           3.011e+01     
  67.000          90.000            2.380e+00          -1.448e-02             312.173          -1.348e+00             315.663           3.043e+01     
  68.000          90.000            2.283e+00          -1.604e-01             311.996          -1.379e+00             315.370           3.070e+01     
  69.000          90.000            2.185e+00          -3.110e-01             311.814          -1.409e+00             315.094           3.093e+01     
  70.000          90.000            2.085e+00          -4.664e-01             311.625          -1.438e+00             314.833           3.111e+01     
  71.000          90.000            1.984e+00          -6.268e-01             311.430          -1.466e+00             314.588           3.123e+01     
  72.000          90.000            1.882e+00          -7.922e-01             311.229          -1.492e+00             314.358           3.130e+01     
  73.000          90.000            1.779e+00          -9.629e-01             311.023          -1.518e+00             314.144           3.131e+01     
  74.000          90.000            1.675e+00          -1.139e+00             310.811          -1.541e+00             313.945           3.127e+01     
  75.000          90.000            1.570e+00          -1.320e+00             310.593          -1.564e+00             313.761           3.117e+01     
  76.000          90.000            1.464e+00          -1.508e+00             310.370          -1.584e+00             313.592           3.102e+01     
  77.000          90.000            1.358e+00          -1.701e+00             310.141          -1.604e+00             313.438           3.082e+01     
  78.000          90.000            1.252e+00          -1.900e+00             309.907          -1.621e+00             313.299           3.058e+01     
  79.000          90.000            1.146e+00          -2.106e+00             309.668          -1.637e+00             313.174           3.030e+01     
  80.000          90.000            1.039e+00          -2.318e+00             309.423          -1.650e+00             313.064           2.998e+01     
  81.000          90.000            9.326e-01          -2.537e+00             309.174          -1.662e+00             312.968           2.964e+01     
  82.000          90.000            8.265e-01          -2.764e+00             308.918          -1.672e+00             312.886           2.928e+01     
  83.000          90.000            7.209e-01          -2.998e+00             308.658          -1.680e+00             312.818           2.890e+01     
  84.000          90.000            6.160e-01          -3.240e+00             308.392          -1.686e+00             312.764           2.851e+01     
  85.000          90.000            5.120e-01          -3.491e+00             308.122          -1.691e+00             312.723           2.811e+01     
  86.000          90.000            4.091e-01          -3.751e+00             307.845          -1.693e+00             312.696           2.770e+01     
  87.000          90.000            3.075e-01          -4.021e+00             307.563          -1.693e+00             312.683           2.730e+01     
  88.000          90.000            2.074e-01          -4.301e+00             307.276          -1.691e+00             312.683           2.691e+01     
  89.000          90.000            1.091e-01          -4.592e+00             306.982          -1.687e+00             312.696           2.652e+01     
  90.000          90.000            1.282e-02          -4.894e+00             306.682          -1.682e+00             312.722           2.614e+01     
  91.000          90.000           -8.124e-02          -5.209e+00             306.375          -1.674e+00             312.761           2.577e+01     
  92.000          90.000           -1.728e-01          -5.538e+00             306.062          -1.665e+00             312.812           2.543e+01     
  93.000          90.000           -2.616e-01          -5.881e+00             305.740          -1.654e+00             312.877           2.510e+01     
  94.000          90.000           -3.474e-01          -6.240e+00             305.410          -1.640e+00             312.953           2.479e+01     
  95.000          90.000           -4.300e-01          -6.616e+00             305.071          -1.626e+00             313.042           2.451e+01     
  96.000          90.000           -5.090e-01          -7.011e+00             304.720          -1.609e+00             313.144           2.425e+01     
  97.000          90.000           -5.842e-01          -7.427e+00             304.358          -1.591e+00             313.257           2.403e+01     
  98.000          90.000           -6.554e-01          -7.865e+00             303.982          -1.571e+00             313.382           2.383e+01     
  99.000          90.000           -7.223e-01          -8.329e+00             303.589          -1.550e+00             313.520           2.366e+01     
 100.000          90.000           -7.847e-01          -8.821e+00             303.178          -1.527e+00             313.668           2.354e+01     
 101.000          90.000           -8.423e-01          -9.345e+00             302.744          -1.503e+00             313.829           2.345e+01     
 102.000          90.000           -8.949e-01          -9.904e+00             302.282          -1.478e+00             314.001           2.340e+01     
 103.000          90.000           -9.423e-01          -1.050e+01             301.787          -1.451e+00             314.184           2.339e+01     
 104.000          90.000           -9.843e-01          -1.115e+01             301.251          -1.424e+00             314.379           2.344e+01     
 105.000          90.000           -1.021e+00          -1.185e+01             300.662          -1.395e+00             314.584           2.354e+01     
 106.000          90.000           -1.052e+00          -1.261e+01             300.005          -1.366e+00             314.801           2.370e+01     
 107.000          90.000           -1.077e+00          -1.345e+01             299.260          -1.335e+00             315.029           2.392e+01     
 108.000          90.000           -1.096e+00          -1.438e+01             298.396          -1.304e+00             315.267           2.421e+01     
 109.000          90.000           -1.109e+00          -1.543e+01             297.366          -1.273e+00             315.516           2.458e+01     
 110.000          90.000           -1.116e+00          -1.661e+01             296.096          -1.241e+00             315.776           2.505e+01     
 111.000          90.000           -1.118e+00          -1.798e+01             294.462          -1.208e+00             316.046           2.562e+01     
 112.000          90.000           -1.113e+00          -1.961e+01             292.241          -1.175e+00             316.327           2.632e+01     
 113.000          90.000           -1.103e+00          -2.158e+01             288.983          -1.142e+00             316.618           2.718e+01     
 114.000          90.000           -1.087e+00          -2.409e+01             283.652          -1.109e+00             316.919           2.823e+01     
 115.000          90.000           -1.066e+00          -2.743e+01             273.354          -1.076e+00             317.231           2.955e+01     
 116.000          90.000           -1.040e+00          -3.171e+01             248.255          -1.043e+00             317.552           3.124e+01     
 117.000          90.000           -1.008e+00          -3.301e+01             194.991          -1.011e+00             317.884           3.352e+01     
 118.000          90.000           -9.716e-01          -2.894e+01             159.343          -9.786e-01             318.226           3.684e+01     
 119.000          90.000           -9.308e-01          -2.523e+01             145.492          -9.469e-01             318.579           4.000e+01     
 120.000          90.000           -8.857e-01          -2.248e+01             138.889          -9.159e-01             318.941           4.000e+01     
 121.000          90.000           -8.367e-01          -2.035e+01             135.073          -8.856e-01             319.313           4.000e+01     
 122.000          90.000           -7.843e-01          -1.863e+01             132.577          -8.562e-01             319.696           3.605e+01     
 123.000          90.000           -7.286e-01          -1.719e+01             130.802          -8.278e-01             320.088           3.240e+01     
 124.000          90.000           -6.702e-01          -1.596e+01             129.464          -8.005e-01             320.491           2.978e+01     
 125.000          90.000           -6.093e-01          -1.489e+01             128.409          -7.744e-01             320.904           2.773e+01     
 126.000          90.000           -5.465e-01          -1.395e+01             127.549          -7.497e-01             321.327           2.604e+01     
 127.000          90.000           -4.820e-01          -1.310e+01             126.829          -7.264e-01             321.760           2.461e+01     
 128.000          90.000           -4.162e-01          -1.234e+01             126.213          -7.046e-01             322.204           2.337e+01     
 129.000          90.000           -3.496e-01          -1.164e+01             125.677          -6.846e-01             322.658           2.227e+01     
 130.000          90.000           -2.825e-01          -1.101e+01             125.205          -6.663e-01             323.123           2.129e+01     
 131.000          90.000           -2.154e-01          -1.043e+01             124.782          -6.500e-01             323.599           2.040e+01     
 132.000          90.000           -1.486e-01          -9.891e+00             124.402          -6.357e-01             324.086           1.959e+01     
 133.000          90.000           -8.238e-02          -9.395e+00             124.055          -6.235e-01             324.584           1.884e+01     
 134.000          90.000           -1.724e-02          -8.935e+00             123.737          -6.136e-01             325.093           1.816e+01     
 135.000          90.000            4.651e-02          -8.508e+00             123.444          -6.059e-01             325.614           1.752e+01     
 136.000          90.000            1.085e-01          -8.111e+00             123.172          -6.008e-01             326.147           1.693e+01     
 137.000          90.000            1.685e-01          -7.741e+00             122.918          -5.982e-01             326.691           1.637e+01     
 138.000          90.000            2.261e-01          -7.397e+00             122.680          -5.982e-01             327.249           1.585e+01     
 139.000          90.000            2.810e-01          -7.076e+00             122.457          -6.009e-01             327.819           1.535e+01     
 140.000          90.000            3.329e-01          -6.778e+00             122.246          -6.065e-01             328.402           1.489e+01     
 141.000          90.000            3.814e-01          -6.500e+00             122.046          -6.151e-01             328.999           1.444e+01     
 142.000          90.000            4.264e-01          -6.243e+00             121.856          -6.266e-01             329.610           1.402e+01     
 143.000          90.000            4.676e-01          -6.004e+00             121.675          -6.413e-01             330.235           1.362e+01     
 144.000          90.000            5.046e-01          -5.784e+00             121.501          -6.591e-01             330.875           1.324e+01     
 145.000          90.000            5.373e-01          -5.581e+00             121.335          -6.802e-01             331.531           1.287e+01     
 146.000          90.000            5.653e-01          -5.394e+00             121.175          -7.046e-01             332.203           1.251e+01     
 147.000          90.000            5.885e-01          -5.224e+00             121.020          -7.324e-01             332.891           1.217e+01     
 148.000          90.000            6.067e-01          -5.070e+00             120.870          -7.636e-01             333.596           1.184e+01     
 149.000          90.000            6.195e-01          -4.932e+00             120.723          -7.984e-01             334.320           1.152e+01     
 150.000          90.000            6.268e-01          -4.808e+00             120.580          -8.367e-01             335.062           1.121e+01     
 151.000          90.000            6.284e-01          -4.700e+00             120.440          -8.786e-01             335.824           1.090e+01     
 152.000          90.000            6.242e-01          -4.606e+00             120.301          -9.241e-01             336.606           1.061e+01     
 153.000          90.000            6.138e-01          -4.528e+00             120.164          -9.733e-01             337.409           1.032e+01     
 154.000          90.000            5.971e-01          -4.463e+00             120.027          -1.026e+00             338.234           1.004e+01     
 155.000          90.000            5.740e-01          -4.413e+00             119.890          -1.083e+00             339.082           9.758e+00     
 156.000          90.000            5.443e-01          -4.378e+00             119.751          -1.143e+00             339.954           9.485e+00     
 157.000          90.000            5.079e-01          -4.357e+00             119.611          -1.207e+00             340.851           9.217e+00     
 158.000          90.000            4.645e-01          -4.351e+00             119.468          -1.274e+00             341.774           8.953e+00     
 159.000          90.000            4.141e-01          -4.360e+00             119.321          -1.345e+00             342.724           8.692e+00     
 160.000          90.000            3.565e-01          -4.383e+00             119.169          -1.420e+00             343.703           8.434e+00     
 161.000          90.000            2.916e-01          -4.422e+00             119.012          -1.498e+00             344.711           8.180e+00     
 162.000          90.000            2.194e-01          -4.476e+00             118.846          -1.580e+00             345.749           7.928e+00     
 163.000          90.000            1.396e-01          -4.546e+00             118.673          -1.665e+00             346.820           7.680e+00     
 164.000          90.000            5.239e-02          -4.632e+00             118.489          -1.753e+00             347.925           7.435e+00     
 165.000          90.000           -4.245e-02          -4.734e+00             118.293          -1.844e+00             349.064           7.194e+00     
 166.000          90.000           -1.449e-01          -4.853e+00             118.083          -1.938e+00             350.239           6.957e+00     
 167.000          90.000           -2.549e-01          -4.989e+00             117.857          -2.035e+00             351.451           6.726e+00     
 168.000          90.000           -3.725e-01          -5.143e+00             117.612          -2.134e+00             352.702           6.500e+00     
 169.000          90.000           -4.976e-01          -5.316e+00             117.345          -2.235e+00             353.994           6.283e+00     
 170.000          90.000           -6.301e-01          -5.508e+00             117.054          -2.338e+00             355.326           6.077e+00     
 171.000          90.000           -7.698e-01          -5.721e+00             116.733          -2.444e+00             356.701           5.883e+00     
 172.000          90.000           -9.165e-01          -5.954e+00             116.379          -2.550e+00             358.120           5.706e+00     
 173.000          90.000           -1.070e+00          -6.210e+00             115.986          -2.657e+00             359.584           5.550e+00     
 174.000          90.000           -1.230e+00          -6.490e+00             115.548          -2.765e+00               1.093           5.420e+00     
 175.000          90.000           -1.395e+00          -6.794e+00             115.057          -2.874e+00               2.649           5.323e+00     
 176.000          90.000           -1.566e+00          -7.124e+00             114.505          -2.981e+00               4.251           5.265e+00     
 177.000          90.000           -1.742e+00          -7.482e+00             113.880          -3.089e+00               5.902           5.256e+00     
 178.000          90.000           -1.921e+00          -7.871e+00             113.170          -3.195e+00               7.600           5.302e+00     
 179.000          90.000           -2.104e+00          -8.291e+00             112.358          -3.299e+00               9.345           5.414e+00     
 180.000          90.000           -2.288e+00          -8.746e+00             111.425          -3.401e+00              11.137           5.598e+00     
 179.000         270.000           -2.473e+00          -9.239e+00             290.344          -3.500e+00             192.976           5.863e+00     
 178.000         270.000           -2.657e+00          -9.772e+00             289.085          -3.595e+00             194.860           6.215e+00     
 177.000         270.000           -2.839e+00          -1.035e+01             287.606          -3.687e+00             196.788           6.663e+00     
 176.000         270.000           -3.016e+00          -1.097e+01             285.856          -3.774e+00             198.757           7.216e+00     
 175.000         270.000           -3.188e+00          -1.165e+01             283.765          -3.856e+00             200.766           7.883e+00     
 174.000         270.000           -3.351e+00          -1.238e+01             281.244          -3.932e+00             202.811           8.680e+00     
 173.000         270.000           -3.504e+00          -1.316e+01             278.175          -4.002e+00             204.890           9.630e+00     
 172.000         270.000           -3.645e+00          -1.400e+01             274.400          -4.065e+00             206.999           1.077e+01     
 171.000         270.000           -3.771e+00          -1.487e+01             269.719          -4.121e+00             209.133           1.214e+01     
 170.000         270.000           -3.880e+00          -1.577e+01             263.885          -4.170e+00             211.289           1.383e+01     
 169.000         270.000           -3.970e+00          -1.665e+01             256.635          -4.211e+00             213.462           1.601e+01     
 168.000         270.000           -4.041e+00          -1.744e+01             247.768          -4.244e+00             215.647           1.898e+01     
 167.000         270.000           -4.089e+00          -1.802e+01             237.316          -4.269e+00             217.839           2.361e+01     
 166.000         270.000           -4.116e+00          -1.829e+01             225.745          -4.285e+00             220.033           3.439e+01     
 165.000         270.000           -4.120e+00          -1.819e+01             213.963          -4.294e+00             222.225           3.109e+01     
 164.000         270.000           -4.102e+00          -1.774e+01             202.978          -4.294e+00             224.409           2.252e+01     
 163.000         270.000           -4.062e+00          -1.704e+01             193.458          -4.287e+00             226.581           1.832e+01     
 162.000         270.000           -4.001e+00          -1.620e+01             185.597          -4.271e+00             228.735           1.553e+01     
 161.000         270.000           -3.922e+00          -1.531e+01             179.265          -4.249e+00             230.869           1.345e+01     
 160.000         270.000           -3.825e+00          -1.443e+01             174.210          -4.220e+00             232.977           1.181e+01     
 159.000         270.000           -3.712e+00          -1.359e+01             170.173          -4.184e+00             235.057           1.046e+01     
 158.000         270.000           -3.586e+00          -1.279e+01             166.933          -4.142e+00             237.105           9.337e+00     
 157.000         270.000           -3.449e+00          -1.205e+01             164.316          -4.094e+00             239.119           8.380e+00     
 156.000         270.000           -3.303e+00          -1.137e+01             162.189          -4.041e+00             241.095           7.560e+00     
 155.000         270.000           -3.150e+00          -1.073e+01             160.451          -3.984e+00             243.033           6.856e+00     
 154.000         270.000           -2.992e+00          -1.014e+01             159.025          -3.922e+00             244.931           6.253e+00     
 153.000         270.000           -2.830e+00          -9.594e+00             157.853          -3.857e+00             246.788           5.739e+00     
 152.000         270.000           -2.666e+00          -9.089e+00             156.889          -3.789e+00             248.603           5.307e+00     
 151.000         270.000           -2.502e+00          -8.621e+00             156.099          -3.719e+00             250.375           4.949e+00     
 150.000         270.000           -2.338e+00          -8.187e+00             155.456          -3.646e+00             252.105           4.662e+00     
 149.000         270.000           -2.176e+00          -7.785e+00             154.937          -3.572e+00             253.792           4.439e+00     
 148.000         270.000           -2.016e+00          -7.411e+00             154.525          -3.496e+00             255.437           4.276e+00     
 147.000         270.000           -1.860e+00          -7.064e+00             154.205          -3.420e+00             257.041           4.166e+00     
 146.000         270.000           -1.708e+00          -6.742e+00             153.966          -3.343e+00             258.604           4.104e+00     
 145.000         270.000           -1.560e+00          -6.443e+00             153.799          -3.265e+00             260.127           4.083e+00     
 144.000         270.000           -1.416e+00          -6.166e+00             153.695          -3.188e+00             261.611           4.097e+00     
 143.000         270.000           -1.278e+00          -5.908e+00             153.648          -3.112e+00             263.057           4.139e+00     
 142.000         270.000           -1.146e+00          -5.670e+00             153.652          -3.035e+00             264.467           4.204e+00     
 141.000         270.000           -1.018e+00          -5.449e+00             153.703          -2.960e+00             265.841           4.285e+00     
 140.000         270.000           -8.966e-01          -5.244e+00             153.796          -2.886e+00             267.180           4.381e+00     
 139.000         270.000           -7.805e-01          -5.055e+00             153.929          -2.813e+00             268.486           4.485e+00     
 138.000         270.000           -6.701e-01          -4.881e+00             154.099          -2.741e+00             269.760           4.596e+00     
 137.000         270.000           -5.654e-01          -4.721e+00             154.301          -2.670e+00             271.003           4.711e+00     
 136.000         270.000           -4.662e-01          -4.574e+00             154.536          -2.601e+00             272.216           4.828e+00     
 135.000         270.000           -3.726e-01          -4.439e+00             154.800          -2.534e+00             273.400           4.945e+00     
 134.000         270.000           -2.844e-01          -4.317e+00             155.093          -2.468e+00             274.557           5.062e+00     
 133.000         270.000           -2.014e-01          -4.205e+00             155.412          -2.404e+00             275.687           5.177e+00     
 132.000         270.000           -1.237e-01          -4.104e+00             155.756          -2.341e+00             276.791           5.289e+00     
 131.000         270.000           -5.095e-02          -4.014e+00             156.125          -2.281e+00             277.871           5.398e+00     
 130.000         270.000            1.692e-02          -3.933e+00             156.517          -2.221e+00             278.926           5.504e+00     
 129.000         270.000            8.010e-02          -3.861e+00             156.931          -2.164e+00             279.958           5.606e+00     
 128.000         270.000            1.387e-01          -3.798e+00             157.367          -2.108e+00             280.968           5.703e+00     
 127.000         270.000            1.930e-01          -3.744e+00             157.825          -2.054e+00             281.957           5.796e+00     
 126.000         270.000            2.432e-01          -3.697e+00             158.302          -2.002e+00             282.924           5.885e+00     
 125.000         270.000            2.893e-01          -3.658e+00             158.799          -1.951e+00             283.871           5.968e+00     
 124.000         270.000            3.316e-01          -3.626e+00             159.316          -1.901e+00             284.797           6.048e+00     
 123.000         270.000            3.704e-01          -3.601e+00             159.851          -1.853e+00             285.704           6.122e+00     
 122.000         270.000            4.057e-01          -3.583e+00             160.404          -1.807e+00             286.592           6.192e+00     
 121.000         270.000            4.377e-01          -3.570e+00             160.976          -1.762e+00             287.461           6.256e+00     
 120.000         270.000            4.667e-01          -3.564e+00             161.565          -1.718e+00             288.312           6.317e+00     
 119.000         270.000            4.929e-01          -3.563e+00             162.171          -1.675e+00             289.145           6.372e+00     
 118.000         270.000            5.164e-01          -3.567e+00             162.793          -1.634e+00             289.959           6.423e+00     
 117.000         270.000            5.373e-01          -3.577e+00             163.432          -1.594e+00             290.756           6.469e+00     
 116.000         270.000            5.560e-01          -3.591e+00             164.087          -1.554e+00             291.535           6.511e+00     
 115.000         270.000            5.725e-01          -3.609e+00             164.757          -1.516e+00             292.296           6.549e+00     
 114.000         270.000            5.871e-01          -3.632e+00             165.443          -1.479e+00             293.040           6.582e+00     
 113.000         270.000            5.999e-01          -3.659e+00             166.143          -1.442e+00             293.766           6.611e+00     
 112.000         270.000            6.110e-01          -3.689e+00             166.857          -1.406e+00             294.474           6.636e+00     
 111.000         270.000            6.207e-01          -3.722e+00             167.586          -1.371e+00             295.165           6.657e+00     
 110.000         270.000            6.291e-01          -3.759e+00             168.327          -1.337e+00             295.838           6.674e+00     
 109.000         270.000            6.363e-01          -3.799e+00             169.082          -1.303e+00             296.493           6.687e+00     
 108.000         270.000            6.424e-01          -3.841e+00             169.848          -1.270e+00             297.131           6.697e+00     
 107.000         270.000            6.477e-01          -3.886e+00             170.627          -1.237e+00             297.750           6.704e+00     
 106.000         270.000            6.523e-01          -3.933e+00             171.416          -1.205e+00             298.350           6.707e+00     
 105.000         270.000            6.562e-01          -3.982e+00             172.216          -1.173e+00             298.933           6.708e+00     
 104.000         270.000            6.596e-01          -4.032e+00             173.025          -1.142e+00             299.496           6.705e+00     
 103.000         270.000            6.626e-01          -4.085e+00             173.843          -1.110e+00             300.040           6.700e+00     
 102.000         270.000            6.653e-01          -4.139e+00             174.669          -1.079e+00             300.566           6.692e+00     
 101.000         270.000            6.678e-01          -4.194e+00             175.503          -1.049e+00             301.071           6.683e+00     
 100.000         270.000            6.702e-01          -4.250e+00             176.343          -1.018e+00             301.557           6.671e+00     
  99.000         270.000            6.726e-01          -4.307e+00             177.188          -9.878e-01             302.023           6.657e+00     
  98.000         270.000            6.750e-01          -4.365e+00             178.038          -9.576e-01             302.469           6.642e+00     
  97.000         270.000            6.775e-01          -4.423e+00             178.891          -9.276e-01             302.894           6.625e+00     
  96.000         270.000            6.802e-01          -4.482e+00             179.746          -8.976e-01             303.299           6.608e+00     
  95.000         270.000            6.831e-01          -4.541e+00             180.602          -8.677e-01             303.682           6.589e+00     
  94.000         270.000            6.863e-01          -4.601e+00             181.459          -8.380e-01             304.044           6.570e+00     
  93.000         270.000            6.897e-01          -4.660e+00             182.313          -8.083e-01             304.385           6.550e+00     
  92.000         270.000            6.935e-01          -4.720e+00             183.166          -7.787e-01             304.703           6.530e+00     
  91.000         270.000            6.976e-01          -4.780e+00             184.014          -7.491e-01             305.000           6.511e+00     
  90.000         270.000            7.020e-01          -4.839e+00             184.857          -7.196e-01             305.274           6.491e+00     
  89.000         270.000            7.069e-01          -4.899e+00             185.694          -6.902e-01             305.526           6.472e+00     
  88.000         270.000            7.120e-01          -4.958e+00             186.521          -6.610e-01             305.754           6.454e+00     
  87.000         270.000            7.174e-01          -5.017e+00             187.340          -6.318e-01             305.960           6.438e+00     
  86.000         270.000            7.232e-01          -5.075e+00             188.147          -6.028e-01             306.142           6.422e+00     
  85.000         270.000            7.293e-01          -5.134e+00             188.941          -5.739e-01             306.301           6.408e+00     
  84.000         270.000            7.356e-01          -5.192e+00             189.721          -5.452e-01             306.437           6.396e+00     
  83.000         270.000            7.422e-01          -5.250e+00             190.486          -5.167e-01             306.548           6.386e+00     
  82.000         270.000            7.489e-01          -5.308e+00             191.232          -4.884e-01             306.636           6.378e+00     
  81.000         270.000            7.558e-01          -5.366e+00             191.960          -4.604e-01             306.700           6.372e+00     
  80.000         270.000            7.628e-01          -5.424e+00             192.667          -4.327e-01             306.739           6.369e+00     
  79.000         270.000            7.698e-01          -5.481e+00             193.351          -4.054e-01             306.754           6.369e+00     
  78.000         270.000            7.768e-01          -5.539e+00             194.012          -3.784e-01             306.745           6.371e+00     
  77.000         270.000            7.838e-01          -5.597e+00             194.646          -3.519e-01             306.711           6.377e+00     
  76.000         270.000            7.906e-01          -5.655e+00             195.253          -3.259e-01             306.653           6.386e+00     
  75.000         270.000            7.971e-01          -5.714e+00             195.831          -3.004e-01             306.570           6.398e+00     
  74.000         270.000            8.034e-01          -5.773e+00             196.377          -2.755e-01             306.462           6.413e+00     
  73.000         270.000            8.094e-01          -5.832e+00             196.891          -2.513e-01             306.329           6.433e+00     
  72.000         270.000            8.149e-01          -5.893e+00             197.370          -2.277e-01             306.171           6.455e+00     
  71.000         270.000            8.199e-01          -5.954e+00             197.813          -2.050e-01             305.989           6.481e+00     
  70.000         270.000            8.244e-01          -6.015e+00             198.217          -1.830e-01             305.781           6.511e+00     
  69.000         270.000            8.282e-01          -6.078e+00             198.581          -1.620e-01             305.549           6.545e+00     
  68.000         270.000            8.313e-01          -6.142e+00             198.903          -1.419e-01             305.291           6.582e+00     
  67.000         270.000            8.336e-01          -6.207e+00             199.180          -1.229e-01             305.008           6.622e+00     
  66.000         270.000            8.350e-01          -6.273e+00             199.410          -1.050e-01             304.700           6.666e+00     
  65.000         270.000            8.354e-01          -6.341e+00             199.592          -8.831e-02             304.367           6.714e+00     
  64.000         270.000            8.348e-01          -6.410e+00             199.724          -7.286e-02             304.009           6.765e+00     
  63.000         270.000            8.332e-01          -6.480e+00             199.802          -5.875e-02             303.625           6.818e+00     
  62.000         270.000            8.304e-01          -6.551e+00             199.824          -4.607e-02             303.216           6.875e+00     
  61.000         270.000            8.263e-01          -6.624e+00             199.789          -3.489e-02             302.782           6.935e+00     
  60.000         270.000            8.210e-01          -6.698e+00             199.693          -2.529e-02             302.322           6.997e+00     
  59.000         270.000            8.143e-01          -6.773e+00             199.534          -1.736e-02             301.836           7.061e+00     
  58.000         270.000            8.062e-01          -6.850e+00             199.309          -1.119e-02             301.325           7.127e+00     
  57.000         270.000            7.966e-01          -6.927e+00             199.016          -6.843e-03             300.788           7.195e+00     
  56.000         270.000            7.856e-01          -7.005e+00             198.651          -4.419e-03             300.225           7.265e+00     
  55.000         270.000            7.730e-01          -7.083e+00             198.213          -3.998e-03             299.636           7.335e+00     
  54.000         270.000            7.589e-01          -7.161e+00             197.698          -5.665e-03             299.020           7.405e+00     
  53.000         270.000            7.432e-01          -7.239e+00             197.104          -9.502e-03             298.378           7.475e+00     
  52.000         270.000            7.259e-01          -7.316e+00             196.428          -1.559e-02             297.710           7.545e+00     
  51.000         270.000            7.070e-01          -7.392e+00             195.668          -2.402e-02             297.014           7.614e+00     
  50.000         270.000            6.865e-01          -7.465e+00             194.821          -3.486e-02             296.291           7.680e+00     
  49.000         270.000            6.645e-01          -7.536e+00             193.886          -4.818e-02             295.540           7.745e+00     
  48.000         270.000            6.409e-01          -7.603e+00             192.862          -6.408e-02             294.761           7.805e+00     
  47.000         270.000            6.158e-01          -7.665e+00             191.747          -8.261e-02             293.954           7.862e+00     
  46.000         270.000            5.893e-01          -7.722e+00             190.541          -1.038e-01             293.117           7.914e+00     
  45.000         270.000            5.615e-01          -7.772e+00             189.246          -1.279e-01             292.252           7.960e+00     
  44.000         270.000            5.323e-01          -7.815e+00             187.861          -1.547e-01             291.356           7.999e+00     
  43.000         270.000            5.021e-01          -7.848e+00             186.390          -1.844e-01             290.430           8.031e+00     
  42.000         270.000            4.708e-01          -7.872e+00             184.836          -2.170e-01             289.473           8.054e+00     
  41.000         270.000            4.386e-01          -7.884e+00             183.205          -2.526e-01             288.484           8.067e+00     
  40.000         270.000            4.058e-01          -7.884e+00             181.501          -2.912e-01             287.463           8.069e+00     
  39.000         270.000            3.724e-01          -7.870e+00             179.733          -3.328e-01             286.408           8.059e+00     
  38.000         270.000            3.388e-01          -7.842e+00             177.908          -3.774e-01             285.320           8.036e+00     
  37.000         270.000            3.052e-01          -7.798e+00             176.036          -4.251e-01             284.196           7.999e+00     
  36.000         270.000            2.717e-01          -7.739e+00             174.128          -4.757e-01             283.037           7.947e+00     
  35.000         270.000            2.388e-01          -7.663e+00             172.195          -5.293e-01             281.841           7.880e+00     
  34.000         270.000            2.068e-01          -7.571e+00             170.248          -5.859e-01             280.607           7.795e+00     
  33.000         270.000            1.758e-01          -7.462e+00             168.299          -6.453e-01             279.335           7.694e+00     
  32.000         270.000            1.465e-01          -7.337e+00             166.360          -7.075e-01             278.023           7.574e+00     
  31.000         270.000            1.190e-01          -7.196e+00             164.442          -7.724e-01             276.670           7.437e+00     
  30.000         270.000            9.380e-02          -7.041e+00             162.555          -8.398e-01             275.275           7.280e+00     
  29.000         270.000            7.131e-02          -6.871e+00             160.710          -9.097e-01             273.837           7.106e+00     
  28.000         270.000            5.193e-02          -6.688e+00             158.914          -9.818e-01             272.355           6.913e+00     
  27.000         270.000            3.608e-02          -6.494e+00             157.175          -1.056e+00             270.828           6.702e+00     
  26.000         270.000            2.419e-02          -6.289e+00             155.499          -1.132e+00             269.255           6.474e+00     
  25.000         270.000            1.665e-02          -6.075e+00             153.890          -1.209e+00             267.635           6.229e+00     
  24.000         270.000            1.387e-02          -5.852e+00             152.353          -1.288e+00             265.968           5.969e+00     
  23.000         270.000            1.623e-02          -5.623e+00             150.890          -1.368e+00             264.251           5.694e+00     
  22.000         270.000            2.407e-02          -5.389e+00             149.503          -1.448e+00             262.485           5.405e+00     
  21.000         270.000            3.770e-02          -5.150e+00             148.191          -1.529e+00             260.669           5.104e+00     
  20.000         270.000            5.740e-02          -4.909e+00             146.955          -1.609e+00             258.803           4.792e+00     
  19.000         270.000            8.340e-02          -4.665e+00             145.793          -1.689e+00             256.887           4.470e+00     
  18.000         270.000            1.159e-01          -4.421e+00             144.704          -1.767e+00             254.921           4.140e+00     
  17.000         270.000            1.549e-01          -4.176e+00             143.687          -1.844e+00             252.906           3.803e+00     
  16.000         270.000            2.006e-01          -3.931e+00             142.738          -1.919e+00             250.842           3.461e+00     
  15.000         270.000            2.528e-01          -3.689e+00             141.855          -1.991e+00             248.731           3.115e+00     
  14.000         270.000            3.117e-01          -3.448e+00             141.036          -2.060e+00             246.573           2.768e+00     
  13.000         270.000            3.769e-01          -3.209e+00             140.278          -2.125e+00             244.372           2.421e+00     
  12.000         270.000            4.483e-01          -2.974e+00             139.577          -2.186e+00             242.130           2.076e+00     
  11.000         270.000            5.256e-01          -2.742e+00             138.931          -2.242e+00             239.849           1.740e+00     
  10.000         270.000            6.086e-01          -2.514e+00             138.338          -2.292e+00             237.532           1.418e+00     
   9.000         270.000            6.968e-01          -2.290e+00             137.793          -2.337e+00             235.185           1.125e+00     
   8.000         270.000            7.899e-01          -2.071e+00             137.295          -2.375e+00             232.810           8.911e-01     
   7.000         270.000            8.874e-01          -1.856e+00             136.840          -2.407e+00             230.412           7.731e-01     
   6.000         270.000            9.890e-01          -1.646e+00             136.427          -2.432e+00             227.997           8.213e-01     
   5.000         270.000            1.094e+00          -1.441e+00             136.052          -2.450e+00             225.568           1.011e+00     
   4.000         270.000            1.202e+00          -1.242e+00             135.713          -2.460e+00             223.133           1.281e+00     
   3.000         270.000            1.313e+00          -1.047e+00             135.408          -2.464e+00             220.695           1.588e+00     
   2.000         270.000            1.425e+00          -8.579e-01             135.135          -2.459e+00             218.261           1.915e+00     
   1.000         270.000            1.539e+00          -6.742e-01             134.891          -2.448e+00             215.836           2.252e+00     

